1790187199.413661000	349620	5728174080
1790187200.214972000	366332	6001983488
1790187200.777157000	343685	5630935040
1790187201.526111000	351091	5752274944
1790187202.208833000	348131	5703778304
1790187202.965434000	340742	5582716928
1790187203.723693000	344580	5645598720
1790187204.256625000	347276	5689769984
1790187204.921611000	503543	8250048512
1790187205.572358000	540719	8859140096
1790187206.311128000	537040	8798863360
1790187206.898826000	536576	8791261184
1790187207.425003000	562220	9211412480
1790187207.948899000	561702	9202925568
1790187208.472083000	558840	9156034560
1790187208.989793000	555685	9104343040
1790187209.596433000	533036	8733261824
1790187210.152548000	536900	8796569600
1790187210.725016000	533994	8748957696
1790187211.305136000	533916	8747679744
1790187211.912734000	537732	8810201088
1790187212.441773000	540357	8853209088
1790187212.961788000	544191	8916025344
1790187213.603367000	545611	8939290624
1790187214.297575000	542426	8887107584
1790187214.941128000	538764	8827109376
1790187215.608807000	344132	5638258688
1790187216.390923000	534108	8750825472
1790187217.121320000	533926	8747843584
1790187217.685935000	537797	8811266048
1790187218.403186000	556699	9120956416
1790187219.180207000	572697	9383067648
1790187219.729763000	572240	9375580160
1790187220.346910000	560612	9185067008
1790187220.918860000	560595	9184788480
1790187221.476384000	556930	9124741120
1790187222.325432000	541731	8875720704
1790187222.875910000	534903	8763850752
1790187223.401673000	538479	8822439936
1790187223.944219000	546828	8959229952
1790187224.585429000	546028	8946122752
1790187225.205561000	550042	9011888128
1790187225.840131000	549689	9006104576
1790187226.398788000	537490	8806236160
1790187226.921344000	541799	8876834816
1790187227.442691000	541811	8877031424
1790187227.970130000	538184	8817606656
1790187228.501966000	538163	8817262592
1790187229.022148000	541997	8880078848
1790187229.581731000	545824	8942780416
1790187230.113699000	541904	8878555136
1790187230.632287000	547720	8973844480
1790187231.144112000	571861	9369370624
1790187231.657410000	572029	9372123136
1790187232.177765000	568250	9310208000
1790187232.727838000	559872	9172942848
1790187233.255886000	559650	9169305600
1790187233.931522000	559685	9169879040
1790187234.528315000	559784	9171501056
1790187235.085647000	568832	9319743488
1790187235.824120000	569052	9323347968
1790187236.538007000	559791	9171615744
1790187237.294962000	558902	9157050368
1790187237.956671000	558934	9157574656
1790187238.764079000	555118	9095053312
1790187239.468138000	558795	9155297280
1790187240.154491000	563958	9239887872
1790187240.856522000	560188	9178120192
1790187241.417028000	558969	9158148096
1790187242.273366000	540023	8847736832
1790187242.962373000	533285	8737341440
1790187243.586234000	537065	8799272960
1790187244.118377000	536915	8796815360
1790187244.641538000	551077	9028845568
1790187245.179545000	555418	9099968512
1790187245.705136000	558463	9149857792
1790187246.227405000	554723	9088581632
1790187246.745194000	554400	9083289600
1790187247.265944000	560711	9186689024
1790187247.788475000	559200	9161932800
1790187248.352083000	555861	9107226624
1790187248.911661000	555908	9107996672
1790187249.502284000	661830	10843422720
1790187250.058352000	661845	10843668480
1790187250.625818000	655046	10732273664
1790187251.211326000	658864	10794827776
1790187251.749418000	658707	10792255488
1790187252.294162000	655065	10732584960
1790187253.052281000	653935	10714071040
1790187253.886603000	657767	10776854528
1790187254.519276000	653876	10713104384
1790187255.182476000	657848	10778181632
1790187255.898556000	657843	10778099712
1790187256.493449000	654080	10716446720
1790187257.140804000	654258	10719363072
1790187257.830121000	657910	10779197440
1790187258.623713000	532958	8731983872
1790187259.290886000	536679	8792948736
1790187259.989793000	536873	8796127232
1790187260.699001000	532846	8730148864
1790187261.444715000	536618	8791949312
1790187262.020383000	533145	8735047680
1790187262.569082000	529041	8667807744
1790187263.142305000	532808	8729526272
1790187263.894175000	532865	8730460160
1790187264.586031000	532716	8728018944
1790187265.285220000	535892	8780054528
1790187266.006989000	536667	8792752128
1790187266.733884000	433738	7106363392
1790187267.361933000	437428	7166820352
1790187268.080940000	437543	7168704512
1790187268.726250000	433772	7106920448
1790187269.468082000	437560	7168983040
1790187270.103753000	437487	7167787008
1790187270.682507000	433783	7107100672
1790187271.256575000	433629	7104577536
1790187271.786545000	433431	7101333504
1790187272.318015000	433432	7101349888
1790187272.846717000	433437	7101431808
1790187273.360448000	437076	7161053184
1790187273.881730000	437003	7159857152
1790187274.404507000	433245	7098286080
1790187274.922573000	535493	8773517312
1790187275.465884000	544800	8926003200
1790187276.244886000	532488	8724283392
1790187276.891161000	532680	8727429120
1790187277.485802000	450401	7379369984
1790187278.185962000	437352	7165575168
1790187278.747811000	433390	7100661760
1790187279.271057000	437191	7162937344
1790187280.147566000	437657	7170572288
1790187280.936526000	433843	7108083712
1790187281.593715000	437537	7168606208
1790187282.310383000	433965	7110082560
1790187282.997316000	433782	7107084288
1790187283.781161000	437506	7168098304
1790187284.426098000	434103	7112343552
1790187285.009333000	430123	7047135232
1790187285.564559000	433906	7109115904
1790187286.304628000	532411	8723021824
1790187286.915849000	529461	8674689024
1790187287.848858000	533217	8736227328
1790187288.670200000	430256	7049314304
1790187289.394557000	437593	7169523712
1790187290.178405000	437708	7171407872
1790187290.954058000	433781	7107067904
1790187291.658915000	437405	7166443520
1790187292.421687000	433705	7105822720
1790187293.090820000	437521	7168344064
1790187293.902507000	437352	7165575168
1790187294.519396000	430218	7048691712
1790187295.185952000	430149	7047561216
1790187295.705705000	433681	7105429504
1790187296.218375000	433650	7104921600
1790187296.740530000	429835	7042416640
1790187297.260812000	429802	7041875968
1790187297.777367000	429881	7043170304
1790187298.318513000	529120	8669102080
1790187298.841841000	547073	8963244032
1790187299.457865000	560787	9187934208
1790187300.066259000	575551	9429827584
1790187300.663106000	680197	11144347648
1790187301.275252000	568806	9319317504
1790187302.033083000	456949	7486652416
1790187302.714691000	363769	5959991296
1790187303.282312000	446508	7315587072
1790187303.813414000	363541	5956255744
1790187304.533122000	344570	5645434880
1790187305.140590000	335927	5503827968
1790187305.662486000	339306	5559189504
1790187306.190753000	342330	5608734720
1790187306.756715000	338773	5550456832
1790187307.324939000	674291	11047583744
1790187307.901289000	711518	11657510912
1790187308.448967000	710869	11646877696
1790187308.987521000	707473	11591237632
1790187309.615309000	692411	11344461824
1790187310.361507000	693015	11354357760
1790187311.003473000	689211	11292033024
1790187311.598183000	689320	11293818880
1790187312.149902000	689284	11293229056
1790187312.837587000	788240	12914524160
1790187313.443922000	795105	13027000320
1790187314.061432000	795235	13029130240
1790187314.820611000	787685	12905431040
1790187315.433641000	692710	11349360640
1790187315.982087000	720922	11811586048
1790187316.502053000	713269	11686199296
1790187317.020652000	714241	11702124544
1790187317.538057000	714208	11701583872
1790187318.052858000	710447	11639963648
1790187318.574327000	714302	11703123968
1790187319.100696000	596970	9780756480
1790187319.625879000	596888	9779412992
1790187320.150380000	593090	9717186560
1790187320.738357000	702726	11513462784
1790187321.277749000	706807	11580325888
1790187321.804794000	825125	13518848000
1790187322.410178000	838278	13734346752
1790187322.959943000	735360	12048138240
1790187323.488971000	734812	12039159808
1790187324.023334000	749207	12275007488
1790187324.543361000	936089	15336882176
1790187325.074188000	948586	15541633024
1790187325.783626000	857527	14049722368
1790187326.404624000	823599	13493846016
1790187327.021748000	697761	11432116224
1790187327.736816000	706968	11582963712
1790187328.305782000	708599	11609686016
1790187328.845238000	704928	11549540352
1790187329.370187000	702557	11510693888
1790187329.903909000	702624	11511791616
1790187330.426206000	698854	11450023936
1790187330.947851000	698867	11450236928
1790187331.478134000	721435	11819991040
1790187331.994023000	724509	11870355456
1790187332.517759000	720620	11806638080
1790187333.045062000	823473	13491781632
1790187333.571192000	705051	11551555584
1790187334.097805000	701277	11489722368
1790187334.622906000	702155	11504107520
1790187335.145770000	708829	11613454336
1790187335.677336000	708051	11600707584
1790187336.205359000	713548	11690770432
1790187336.732130000	709777	11628986368
1790187337.251089000	707028	11583946752
1790187337.786614000	721829	11826446336
1790187338.309344000	720892	11811094528
1790187338.837337000	714197	11701403648
1790187339.366101000	711833	11662671872
1790187339.888929000	715514	11722981376
1790187340.419242000	711916	11664031744
1790187340.947843000	733741	12021612544
1790187341.477642000	738505	12099665920
1790187342.008232000	741311	12145639424
1790187342.538273000	745022	12206440448
1790187343.064249000	745006	12206178304
1790187343.584628000	737222	12078645248
1790187344.110763000	749787	12284510208
1790187344.638790000	611445	10017914880
1790187345.161840000	624709	10235232256
1790187345.677305000	629413	10312302592
1790187346.218929000	616230	10096312320
1790187346.753334000	598747	9809870848
1790187347.274897000	614975	10075750400
1790187347.819448000	620241	10162028544
1790187348.344151000	616425	10099507200
1790187348.860444000	611094	10012164096
1790187349.375205000	614834	10073440256
1790187349.895568000	614802	10072915968
1790187350.419106000	611003	10010673152
1790187350.946241000	611094	10012164096
1790187351.494379000	605313	9917448192
1790187352.036735000	605323	9917612032
1790187352.571135000	598613	9807675392
1790187353.097936000	597216	9784786944
1790187353.618734000	597235	9785098240
1790187354.151388000	603559	9888710656
1790187354.666670000	606538	9937518592
1790187355.188008000	610473	10001989632
1790187355.702475000	610467	10001891328
1790187356.221278000	607642	9955606528
1790187356.744002000	615672	10087170048
1790187357.267169000	615332	10081599488
1790187357.834007000	615378	10082353152
1790187358.407950000	612096	10028580864
1790187359.002965000	612181	10029973504
1790187359.526355000	607890	9959669760
1790187360.042367000	612853	10040983552
1790187360.557205000	609125	9979904000
1790187361.072847000	609183	9980854272
1790187361.590072000	604204	9899278336
1790187362.109185000	589350	9655910400
1790187362.637292000	589341	9655762944
1790187363.158666000	597586	9790849024
1790187363.726779000	593871	9729982464
1790187364.265206000	590147	9668968448
1790187364.789037000	590178	9669476352
1790187365.308395000	589518	9658662912
1790187365.826116000	589507	9658482688
1790187366.345033000	589116	9652076544
1790187366.856501000	589093	9651699712
1790187367.377421000	589199	9653436416
1790187367.911358000	589411	9656909824
1790187368.443761000	589249	9654255616
1790187369.104853000	594185	9735127040
1790187369.650364000	597727	9793159168
1790187370.177053000	597602	9791111168
1790187370.719292000	594078	9733373952
1790187371.330760000	597909	9796141056
1790187372.311706000	597799	9794338816
1790187373.241219000	597857	9795289088
1790187374.056481000	593174	9718562816
1790187374.874008000	589397	9656680448
1790187375.619151000	593207	9719103488
1790187376.394222000	589458	9657679872
1790187376.961541000	589469	9657860096
1790187377.506835000	593144	9718071296
1790187378.029306000	592885	9713827840
1790187378.547037000	589058	9651126272
1790187379.061373000	594209	9735520256
1790187379.585199000	594106	9733832704
1790187380.098189000	594113	9733947392
1790187380.612691000	590370	9672622080
1790187381.132956000	598672	9808642048
1790187381.699352000	598965	9813442560
1790187382.317693000	595245	9752494080
1790187383.064564000	598956	9813295104
1790187384.004847000	594282	9736716288
1790187384.760777000	589295	9655009280
1790187385.287427000	589207	9653567488
1790187385.830758000	589432	9657253888
1790187386.386931000	589471	9657892864
1790187386.955994000	589481	9658056704
1790187387.523698000	593152	9718202368
1790187388.092825000	593093	9717235712
1790187388.625138000	589393	9656614912
1790187389.179154000	593142	9718038528
1790187389.735576000	593122	9717710848
1790187390.292329000	589271	9654616064
1790187390.841674000	589274	9654665216
1790187391.393265000	593739	9727819776
1790187391.936748000	593748	9727967232
1790187392.515158000	593710	9727344640
1790187393.061519000	597556	9790357504
1790187393.584973000	597272	9785704448
1790187394.111379000	597311	9786343424
1790187394.632257000	593481	9723592704
1790187395.150880000	593499	9723887616
1790187395.671774000	593559	9724870656
1790187396.201338000	593659	9726509056
1790187396.737566000	593572	9725083648
1790187397.322132000	597400	9787801600
1790187397.844403000	592770	9711943680
1790187398.358521000	589085	9651568640
1790187398.878713000	589097	9651765248
1790187399.395204000	589093	9651699712
1790187399.918626000	589123	9652191232
1790187400.432600000	589191	9653305344
1790187400.962802000	596968	9780723712
1790187401.520172000	601088	9848225792
1790187402.049832000	624121	10225598464
1790187402.575473000	636869	10434461696
1790187403.104652000	642591	10528210944
1790187403.628354000	826557	13542309888
1790187404.158094000	825813	13530120192
1790187404.681671000	693783	11366940672
1790187405.212233000	696817	11416649728
1790187405.749519000	783291	12833439744
1790187406.272568000	684431	11213717504
1790187406.803691000	684404	11213275136
1790187407.329436000	688145	11274567680
1790187407.854913000	688148	11274616832
1790187408.385940000	684348	11212357632
1790187408.904481000	684354	11212455936
1790187409.429921000	684365	11212636160
1790187409.962074000	684380	11212881920
1790187410.496308000	684389	11213029376
1790187411.021432000	684392	11213078528
1790187411.554985000	710032	11633164288
1790187412.086771000	710032	11633164288
1790187412.614182000	687407	11262476288
1790187413.139090000	691141	11323654144
1790187413.670210000	688053	11273060352
1790187414.193618000	688030	11272683520
1790187414.711587000	684311	11211751424
1790187415.231055000	688287	11276894208
1790187415.751067000	688314	11277336576
1790187416.265222000	687599	11265622016
1790187416.777953000	687624	11266031616
1790187417.297393000	684289	11211390976
1790187417.816036000	684294	11211472896
1790187418.333157000	684341	11212242944
1790187418.873334000	696533	11411996672
1790187419.407801000	713043	11682496512
1790187419.943662000	710320	11637882880
1790187420.478069000	711662	11659870208
1790187421.003389000	593382	9721970688
1790187421.517545000	596944	9780330496
1790187422.046047000	597790	9794191360
1790187422.573601000	594007	9732210688
1790187423.098385000	590298	9671442432
1790187423.624815000	590276	9671081984
1790187424.153264000	590305	9671557120
1790187424.689165000	595107	9750233088
1790187425.216086000	598909	9812525056
1790187425.731859000	594162	9734750208
1790187426.255867000	590442	9673801728
1790187426.770093000	590303	9671524352
1790187427.289008000	594139	9734373376
1790187427.810107000	594224	9735766016
1790187428.327411000	590452	9673965568
1790187428.840231000	595756	9760866304
1790187429.351244000	595762	9760964608
1790187429.883648000	590344	9672196096
1790187430.413147000	590446	9673867264
1790187430.944284000	590383	9672835072
1790187431.483365000	594191	9735225344
1790187432.022871000	594191	9735225344
1790187432.562544000	590289	9671294976
1790187433.099581000	594301	9737027584
1790187433.639261000	594272	9736552448
1790187434.168701000	590292	9671344128
1790187434.708941000	590302	9671507968
1790187435.249990000	590302	9671507968
1790187435.766095000	590407	9673228288
1790187436.284828000	590450	9673932800
1790187436.803542000	590536	9675341824
1790187437.342690000	594347	9737781248
1790187437.861209000	594362	9738027008
1790187438.378989000	585905	9599467520
1790187438.888222000	585905	9599467520
1790187439.406137000	585942	9600073728
1790187439.924632000	585941	9600057344
1790187440.442666000	236086	3868033024
1790187440.956236000	236048	3867410432
1790187441.468514000	239848	3929669632
1790187441.987160000	239917	3930800128
1790187442.508152000	243884	3995795456
1790187443.109769000	243972	3997237248
1790187443.874701000	244710	4009328640
1790187444.422464000	240795	3945185280
1790187444.981437000	236443	3873882112
1790187445.518549000	240204	3935502336
1790187446.227569000	240260	3936419840
1790187446.930246000	236539	3875454976
1790187447.543400000	239835	3929456640
1790187448.148506000	239908	3930652672
1790187448.755325000	236054	3867508736
1790187449.355702000	239876	3930128384
1790187449.956115000	239857	3929817088
1790187450.569866000	240567	3941449728
1790187451.145855000	244382	4003954688
1790187451.721888000	244101	3999350784
1790187452.259141000	240320	3937402880
1790187452.776080000	240325	3937484800
1790187453.294427000	235661	3861069824
1790187453.808172000	235712	3861905408
1790187454.318937000	235685	3861463040
1790187454.831071000	235743	3862413312
1790187455.341315000	239527	3924410368
1790187455.887504000	239760	3928227840
1790187456.423273000	235927	3865427968
1790187456.958917000	244671	4008689664
1790187457.479174000	248410	4069949440
1790187457.994241000	244062	3998711808
1790187458.522662000	240505	3940433920
1790187459.060820000	244311	4002791424
1790187459.594748000	244283	4002332672
1790187460.117293000	244249	4001775616
1790187460.662935000	240528	3940810752
1790187461.214068000	244369	4003741696
1790187461.875800000	244419	4004560896
1790187462.473838000	240084	3933536256
1790187463.136617000	239215	3919298560
1790187463.943906000	239194	3918954496
1790187464.494613000	235439	3857432576
1790187465.029396000	235505	3858513920
1790187465.560499000	239107	3917529088
1790187466.071215000	235213	3853729792
1790187466.584267000	235336	3855745024
1790187467.104922000	235326	3855581184
1790187467.624450000	235267	3854614528
1790187468.143975000	235274	3854729216
1790187468.658074000	239807	3928997888
1790187469.270782000	243706	3992879104
1790187469.875171000	243781	3994107904
1790187470.399190000	239989	3931979776
1790187470.919642000	235342	3855843328
1790187471.434951000	239128	3917873152
1790187471.943733000	239151	3918249984
1790187472.460066000	238257	3903602688
1790187472.975624000	238301	3904323584
1790187473.493506000	239203	3919101952
1790187474.005613000	436655	7154155520
1790187474.518210000	435717	7138787328
1790187475.032234000	435710	7138672640
1790187475.552187000	433097	7095861248
1790187476.070039000	433165	7096975360
1790187476.578571000	429205	7032094720
1790187477.094831000	433128	7096369152
1790187477.611951000	433009	7094419456
1790187478.132209000	429347	7034421248
1790187478.650921000	429613	7038779392
1790187479.162096000	429463	7036321792
1790187479.724428000	434055	7111557120
1790187480.257666000	438942	7191625728
1790187480.777222000	438768	7188774912
1790187481.411069000	437849	7173718016
1790187482.014866000	437384	7166099456
1790187482.571362000	443209	7261536256
1790187483.154861000	447043	7324352512
1790187483.703625000	433660	7105085440
1790187484.271184000	433550	7103283200
1790187484.833212000	433569	7103594496
1790187485.409543000	437338	7165345792
1790187485.932449000	433325	7099596800
1790187486.449801000	235306	3855253504
1790187486.960629000	235322	3855515648
1790187487.473690000	235328	3855613952
1790187487.991722000	235330	3855646720
1790187488.502668000	238327	3904749568
1790187489.019325000	238354	3905191936
1790187489.555010000	245410	4020797440
1790187490.086643000	247278	4051402752
1790187490.616681000	243549	3990306816
1790187491.152648000	248196	4066443264
1790187491.674388000	601165	9849487360
1790187492.194160000	597225	9784934400
1790187492.715986000	597603	9791127552
1790187493.246136000	594234	9735929856
1790187493.786492000	590400	9673113600
1790187494.339423000	590409	9673261056
1790187494.891774000	594099	9733718016
1790187495.418507000	597866	9795436544
1790187495.954054000	594200	9735372800
1790187496.496138000	594244	9736093696
1790187497.039637000	597093	9782771712
1790187497.570958000	597136	9783476224
1790187498.120560000	598023	9798008832
1790187498.679419000	594087	9733521408
1790187499.190474000	592667	9710256128
1790187499.707081000	596543	9773760512
1790187500.236478000	595587	9758097408
1790187500.768305000	591814	9696280576
1790187501.294474000	599275	9818521600
1790187501.808560000	601968	9862643712
1790187502.323896000	248374	4069359616
1790187502.840992000	248332	4068671488
1790187503.359124000	245480	4021944320
1790187503.886508000	245486	4022042624
1790187504.400829000	248434	4070342656
1790187504.928821000	247353	4052631552
1790187505.484214000	248324	4068540416
1790187506.001092000	322476	5283446784
1790187506.519741000	314009	5144723456
1790187507.037230000	310462	5086609408
1790187507.555252000	310559	5088198656
1790187508.070793000	314176	5147459584
1790187508.589408000	313979	5144231936
1790187509.108617000	325269	5329207296
1790187509.632570000	318340	5215682560
1790187510.148197000	315307	5165989888
1790187510.667173000	323073	5293228032
1790187511.192742000	323289	5296766976
1790187511.772434000	320062	5243895808
1790187512.414540000	245261	4018356224
1790187512.937087000	240399	3938697216
1790187513.448523000	247885	4061347840
1790187513.965081000	253269	4149559296
1790187514.481529000	249505	4087889920
1790187515.000318000	245828	4027645952
1790187515.519366000	244205	4001054720
1790187516.037994000	247031	4047355904
1790187516.557292000	252021	4129112064
1790187517.083754000	256594	4204036096
1790187517.609440000	252362	4134699008
1790187518.139948000	244925	4012851200
1790187518.669393000	248739	4075339776
1790187519.190036000	252549	4137762816
1790187519.703574000	255356	4183752704
1790187520.219079000	247813	4060168192
1790187520.769247000	245044	4014800896
1790187521.306379000	252572	4138139648
1790187521.865224000	252754	4141121536
1790187522.382647000	240128	3934257152
1790187522.901354000	235422	3857154048
1790187523.413980000	235351	3855990784
1790187523.932606000	235343	3855859712
1790187524.444802000	235379	3856449536
1790187524.963619000	235356	3856072704
1790187525.483102000	243852	3995271168
1790187525.993545000	243654	3992027136
1790187526.511445000	239887	3930308608
1790187527.026547000	239902	3930554368
1790187527.544741000	243755	3993681920
1790187528.063717000	243718	3993075712
1790187528.574513000	239934	3931078656
1790187529.096321000	243755	3993681920
1790187529.606986000	243768	3993894912
1790187530.117185000	243786	3994189824
1790187530.635853000	239935	3931095040
1790187531.154667000	239949	3931324416
1790187531.666820000	243279	3985883136
1790187532.187101000	243210	3984752640
1790187532.703221000	239984	3931897856
1790187533.221511000	243965	3997122560
1790187533.732722000	243897	3996008448
1790187534.251818000	239953	3931389952
1790187534.763898000	239935	3931095040
1790187535.277522000	239948	3931308032
1790187535.792946000	239961	3931521024
1790187536.309017000	240029	3932635136
1790187536.824321000	240136	3934388224
1790187537.389761000	243977	3997319168
1790187537.994956000	244279	4002267136
1790187538.700916000	240458	3939663872
1790187539.267262000	235993	3866509312
1790187539.832042000	236025	3867033600
1790187540.367998000	240929	3947380736
1790187540.887569000	240777	3944890368
1790187541.754401000	240191	3935289344
1790187542.387803000	240169	3934928896
1790187543.120861000	240013	3932372992
1790187543.978412000	242212	3968401408
1790187544.559994000	268544	4399824896
1790187545.379170000	306532	5022220288
1790187546.142857000	349548	5726994432
1790187546.836347000	464220	7605780480
1790187547.592107000	504395	8264007680
1790187548.182826000	534281	8753659904
1790187548.971747000	565281	9261563904
1790187549.545639000	588800	9646899200
1790187550.169109000	613847	10057269248
1790187550.777309000	633428	10378084352
1790187551.345571000	667199	10931388416
1790187552.061851000	702186	11504615424
1790187552.776087000	726716	11906514944
1790187553.380153000	762846	12498468864
1790187554.021348000	792252	12980256768
1790187554.543610000	808611	13248282624
1790187555.060749000	833855	13661880320
1790187555.572803000	849223	13913669632
1790187556.101150000	873171	14306033664
1790187556.647306000	897604	14706343936
1790187557.172176000	928239	15208267776
1790187557.958439000	965288	15815278592
1790187558.480227000	991760	16248995840
1790187558.999632000	1012179	16583540736
1790187559.521629000	1099803	18019172352
1790187560.047296000	1203594	19719684096
1790187560.659771000	1224677	20065107968
1790187561.359613000	1261711	20671873024
1790187561.960564000	1322324	21664956416
1790187562.631919000	1401677	22965075968
1790187563.207367000	1439910	23591485440
1790187563.891010000	1436629	23537729536
1790187564.441655000	1432878	23476273152
1790187564.984399000	1432812	23475191808
1790187565.529606000	1436583	23536975872
1790187566.131128000	1436869	23541661696
1790187566.890182000	1433130	23480401920
1790187567.478738000	1436855	23541432320
1790187568.317493000	1432998	23478239232
1790187568.923203000	1432917	23476912128
1790187569.571641000	1436724	23539286016
1790187570.147064000	1436563	23536648192
1790187570.713162000	1432838	23475617792
1790187571.244919000	1436446	23534731264
1790187571.790305000	1436389	23533797376
1790187572.345446000	1436388	23533780992
1790187572.929942000	1436491	23535468544
1790187573.473101000	1440328	23598333952
1790187574.142961000	1436592	23537123328
1790187574.896474000	1431832	23459135488
1790187575.426004000	1435681	23522197504
1790187575.960485000	1435705	23522590720
1790187576.495109000	1431897	23460200448
1790187577.028593000	1431823	23458988032
1790187577.553785000	1435513	23519444992
1790187578.073137000	1435534	23519789056
1790187578.598063000	1431756	23457890304
1790187579.113253000	1431646	23456088064
1790187579.635674000	1431646	23456088064
1790187580.149954000	1431606	23455432704
1790187580.670633000	1431608	23455465472
1790187581.193110000	1435417	23517872128
1790187581.713591000	1435352	23516807168
1790187582.231763000	1431576	23454941184
1790187582.747099000	1431467	23453155328
1790187583.263279000	1435209	23514464256
1790187583.782722000	1442938	23641096192
1790187584.338313000	1435580	23520542720
1790187584.868662000	1432389	23468261376
1790187585.434257000	1436270	23531847680
1790187585.950964000	1431522	23454056448
1790187586.465876000	1431541	23454367744
1790187586.986321000	1431609	23455481856
1790187587.507603000	1435426	23518019584
1790187588.029577000	1435477	23518855168
1790187588.573172000	1431993	23461773312
1790187589.102120000	1431737	23457579008
1790187589.963444000	1432029	23462363136
1790187590.540850000	1440871	23607230464
1790187591.085323000	1448934	23739334656
1790187591.611673000	1448685	23735255040
1790187592.230487000	1441049	23610146816
1790187592.819472000	1446232	23695065088
1790187593.419054000	1452832	23803199488
1790187594.000768000	1439963	23592353792
1790187594.556287000	1436902	23542202368
1790187595.139077000	1440775	23605657600
1790187595.805819000	1437085	23545200640
1790187596.618274000	1437025	23544217600
1790187597.273408000	1428688	23407624192
1790187597.834650000	236355	3872440320
1790187598.382032000	236103	3868311552
1790187598.914088000	235428	3857252352
1790187599.429999000	239183	3918774272
1790187599.942905000	239213	3919265792
1790187600.465526000	240569	3941482496
1790187600.986891000	240541	3941023744
1790187601.508927000	239203	3919101952
1790187602.043520000	243260	3985571840
1790187602.578024000	239494	3923869696
1790187603.108623000	246998	4046815232
1790187603.648363000	243196	3984523264
1790187604.168283000	239329	3921166336
1790187604.686344000	239307	3920805888
1790187605.218873000	239568	3925082112
1790187605.751509000	240244	3936157696
1790187606.279051000	247144	4049207296
1790187606.813187000	247160	4049469440
1790187607.351149000	244019	3998007296
1790187607.895549000	243975	3997286400
1790187608.432230000	244096	3999268864
1790187608.960418000	246927	4045651968
1790187609.508437000	246954	4046094336
1790187610.038570000	247855	4060856320
1790187610.573266000	244073	3998892032
1790187611.093595000	243761	3993780224
1790187611.616951000	247674	4057890816
1790187612.131382000	243839	3995058176
1790187612.645223000	239953	3931389952
1790187613.158154000	243790	3994255360
1790187613.674238000	246653	4041162752
1790187614.193048000	246582	4039999488
1790187614.712279000	243861	3995418624
1790187615.268075000	247916	4061855744
1790187615.829715000	247970	4062740480
1790187616.352090000	240091	3933650944
1790187616.862619000	243929	3996532736
1790187617.464105000	247880	4061265920
1790187618.000470000	247938	4062216192
1790187618.666325000	247047	4047618048
1790187619.241063000	251195	4115578880
1790187619.765275000	362847	5944885248
1790187620.291176000	378224	6196822016
1790187621.021029000	394839	6469042176
1790187621.601322000	393499	6447087616
1790187622.131106000	384810	6304727040
1790187622.657012000	387276	6345129984
1790187623.181836000	384452	6298861568
1790187623.706199000	380345	6231572480
1790187624.239928000	381024	6242697216
1790187624.791920000	381053	6243172352
1790187625.317011000	384155	6293995520
1790187625.839776000	372114	6096715776
1790187626.381292000	469130	7686225920
1790187626.908915000	554871	9091006464
1790187627.424817000	475687	7793655808
1790187627.956819000	554887	9091268608
1790187628.476291000	462596	7579172864
1790187628.996620000	546721	8957476864
1790187629.523418000	464879	7616577536
1790187630.046637000	464891	7616774144
1790187630.569786000	462094	7570948096
1790187631.123790000	488307	8000421888
1790187631.645414000	487567	7988297728
1790187632.172247000	479161	7850573824
1790187632.698452000	483003	7913521152
1790187633.222751000	486911	7977549824
1790187633.747845000	496284	8131117056
1790187634.272278000	496170	8129249280
1790187634.787353000	496107	8128217088
1790187635.304933000	499797	8188674048
1790187635.838012000	458617	7513980928
1790187636.372440000	458538	7512686592
1790187636.894894000	455356	7460552704
1790187637.413383000	455410	7461437440
1790187637.936723000	456176	7473987584
1790187638.465995000	452427	7412563968
1790187638.991911000	464086	7603585024
1790187639.514964000	481284	7885357056
1790187640.034324000	481307	7885733888
1790187640.573617000	448437	7347191808
1790187641.105375000	455902	7469498368
1790187641.620972000	458668	7514816512
1790187642.140121000	458523	7512440832
1790187642.662810000	470709	7712096256
1790187643.178912000	477561	7824359424
1790187643.700694000	477518	7823654912
1790187644.269592000	477614	7825227776
1790187645.107909000	370677	6073171968
1790187645.683761000	373733	6123241472
1790187646.224595000	368710	6040944640
1790187646.741842000	364997	5980110848
1790187647.262701000	365085	5981552640
1790187647.781746000	365200	5983436800
1790187648.294018000	365297	5985026048
1790187648.814144000	370964	6077874176
1790187649.335801000	664309	10884038656
1790187649.846047000	664994	10895261696
1790187650.358048000	657927	10779475968
1790187650.870991000	651182	10668965888
1790187651.385731000	662737	10858283008
1790187651.926586000	662784	10859053056
1790187652.451228000	655813	10744840192
1790187652.977830000	640510	10494115840
1790187653.499527000	639644	10479927296
1790187654.010738000	636718	10431987712
1790187654.529710000	629278	10310090752
1790187655.054664000	636918	10435264512
1790187655.574901000	658472	10788405248
1790187656.095541000	657190	10767400960
1790187656.609767000	657943	10779738112
1790187657.120458000	666679	10922868736
1790187657.638493000	662806	10859413504
1790187658.158426000	662448	10853548032
1790187658.678987000	662310	10851287040
1790187659.196476000	662281	10850811904
1790187659.716168000	662460	10853744640
1790187660.229706000	667377	10934304768
1790187660.747791000	667382	10934386688
1790187661.268234000	666409	10918445056
1790187661.801682000	657678	10775396352
1790187662.343107000	657865	10778460160
1790187662.879664000	657876	10778640384
1790187663.417085000	653308	10703798272
1790187663.942247000	653315	10703912960
1790187664.455845000	649492	10641276928
1790187664.977707000	649453	10640637952
1790187665.499377000	649413	10639982592
1790187666.020910000	653761	10711220224
1790187666.537127000	653953	10714365952
1790187667.054841000	657757	10776690688
1790187667.570738000	657774	10776969216
1790187668.087072000	662400	10852761600
1790187668.607297000	661459	10837344256
1790187669.127918000	660884	10827923456
1790187669.641019000	661580	10839326720
1790187670.158370000	536714	8793522176
1790187670.668530000	533063	8733704192
1790187671.183201000	536846	8795684864
1790187671.703882000	540517	8855830528
1790187672.224365000	536735	8793866240
1790187672.743860000	536242	8785788928
1790187673.262705000	540330	8852766720
1790187673.783078000	537131	8800354304
1790187674.294811000	533185	8735703040
1790187674.805820000	533207	8736063488
1790187675.326535000	538526	8823209984
1790187675.836379000	538466	8822226944
1790187676.354939000	533210	8736112640
1790187676.881672000	533224	8736342016
1790187677.399909000	537028	8798666752
1790187677.915943000	536959	8797536256
1790187678.427740000	536877	8796192768
1790187678.947186000	536760	8794275840
1790187679.465864000	533165	8735375360
1790187680.006948000	537046	8798961664
1790187680.548362000	537110	8800010240
1790187681.077503000	537122	8800206848
1790187681.596269000	536171	8784625664
1790187682.112546000	536277	8786362368
1790187682.631429000	528907	8665612288
1790187683.146794000	536745	8794030080
1790187683.660209000	539676	8842051584
1790187684.179760000	539678	8842084352
1790187684.698055000	532138	8718548992
1790187685.209799000	532994	8732573696
1790187685.728834000	532613	8726331392
1790187686.250762000	528792	8663728128
1790187686.772344000	532662	8727134208
1790187687.293131000	536436	8788967424
1790187687.807557000	533841	8746450944
1790187688.322778000	541459	8871264256
1790187688.835376000	544314	8918040576
1790187689.352901000	545418	8936128512
1790187689.871024000	545462	8936849408
1790187690.392411000	538659	8825389056
1790187690.916585000	538667	8825520128
1790187691.431702000	538714	8826290176
1790187691.952214000	538692	8825929728
1790187692.472002000	538727	8826503168
1790187692.997663000	538709	8826208256
1790187693.520275000	545623	8939487232
1790187694.051579000	545417	8936112128
1790187694.576916000	541418	8870592512
1790187695.107224000	541229	8867495936
1790187695.633595000	538294	8819408896
1790187696.168905000	548969	8994308096
1790187696.701552000	545274	8933769216
1790187697.240927000	542874	8894447616
1790187697.776174000	546544	8954576896
1790187698.301171000	545911	8944205824
1790187698.817766000	538599	8824406016
1790187699.337261000	542347	8885813248
1790187699.849024000	542355	8885944320
1790187700.369743000	538570	8823930880
1790187700.886394000	542253	8884273152
1790187701.405789000	546052	8946515968
1790187701.921637000	542345	8885780480
1790187702.438256000	541418	8870592512
1790187702.959881000	544330	8918302720
1790187703.506574000	546033	8946204672
1790187704.061965000	546839	8959410176
1790187704.608441000	545150	8931737600
1790187705.132237000	540483	8855273472
1790187705.648484000	540658	8858140672
1790187706.159599000	540923	8862482432
1790187706.677486000	541066	8864825344
1790187707.198156000	533385	8738979840
1790187707.716777000	537054	8799092736
1790187708.235673000	540717	8859107328
1790187708.752186000	537183	8801206272
1790187709.275006000	532273	8720760832
1790187709.788691000	543887	8911044608
1790187710.332921000	542923	8895250432
1790187710.874709000	535954	8781070336
1790187711.464311000	540639	8857829376
1790187711.992014000	536081	8783151104
1790187712.511566000	528470	8658452480
1790187713.025834000	532317	8721481728
1790187713.538378000	536099	8783446016
1790187714.049388000	532256	8720482304
1790187714.564072000	532274	8720777216
1790187715.088827000	538943	8830042112
1790187715.640517000	543440	8903720960
1790187716.181611000	543597	8906293248
1790187716.917626000	537029	8798683136
1790187717.462228000	542036	8880717824
1790187717.983970000	533528	8741322752
1790187718.506004000	536840	8795586560
1790187719.028022000	537892	8812822528
1790187719.549321000	542490	8888156160
1790187720.066303000	546389	8952037376
1790187720.581144000	541202	8867053568
1790187721.097589000	538435	8821719040
1790187721.622193000	538232	8818393088
1790187722.144569000	553598	9070149632
1790187722.665391000	553633	9070723072
1790187723.193898000	546123	8947679232
1790187723.719125000	549777	9007546368
1790187724.468071000	543003	8896561152
1790187725.005568000	539271	8835416064
1790187725.544628000	541625	8873984000
1790187726.132328000	541889	8878309376
1790187726.823216000	541863	8877883392
1790187727.495236000	545712	8940945408
1790187728.243972000	542035	8880701440
1790187728.983568000	540246	8851390464
1790187729.787567000	540339	8852914176
1790187730.514393000	537223	8801861632
1790187731.140487000	537917	8813232128
1790187731.774001000	534282	8753676288
1790187732.391341000	534299	8753954816
1790187732.911673000	533651	8743337984
1790187733.424507000	533531	8741371904
1790187733.942978000	533509	8741011456
1790187734.457202000	533389	8739045376
1790187734.973627000	533596	8742436864
1790187735.494291000	243365	3987292160
1790187736.008633000	243464	3988914176
1790187736.543199000	244846	4011556864
1790187737.076591000	249387	4085956608
1790187737.620538000	255455	4185374720
1790187738.163759000	251270	4116807680
1790187738.693935000	243871	3995582464
1790187739.215494000	247627	4057120768
1790187739.855213000	442433	7248822272
1790187740.471129000	438646	7186776064
1790187741.046279000	438765	7188725760
1790187741.589316000	442585	7251312640
1790187742.168976000	438701	7187677184
1790187742.700290000	438628	7186481152
1790187743.240669000	442471	7249444864
1790187743.824561000	441255	7229521920
1790187744.374859000	437450	7167180800
1790187744.930062000	437358	7165673472
1790187745.476219000	441213	7228833792
1790187746.035562000	441189	7228440576
1790187746.583497000	437218	7163379712
1790187747.098392000	441046	7226097664
1790187747.643841000	440898	7223672832
1790187748.196143000	438574	7185596416
1790187748.738134000	438270	7180615680
1790187749.260703000	437901	7174569984
1790187749.782869000	438787	7189086208
1790187750.304702000	436701	7154909184
1790187750.826553000	436620	7153582080
1790187751.348568000	437511	7168180224
1790187751.869566000	437411	7166541824
1790187752.378748000	433635	7104675840
1790187752.893786000	433604	7104167936
1790187753.407841000	433210	7097712640
1790187753.926813000	433248	7098335232
1790187754.441876000	433249	7098351616
1790187754.962342000	433246	7098302464
1790187755.486752000	435929	7142260736
1790187756.006759000	443521	7266648064
1790187756.525828000	439754	7204929536
1790187757.037530000	436863	7157563392
1790187757.556240000	436879	7157825536
1790187758.073734000	433556	7103381504
1790187758.593587000	444367	7280508928
1790187759.105149000	449600	7366246400
1790187759.624808000	443551	7267139584
1790187760.143898000	248154	4065755136
1790187760.657211000	240788	3945070592
1790187761.181748000	244608	4007657472
1790187761.703341000	244552	4006739968
1790187762.222104000	243321	3986571264
1790187762.739482000	240518	3940646912
1790187763.263502000	240365	3938140160
1790187763.789134000	240400	3938713600
1790187764.319761000	240519	3940663296
1790187764.842805000	244852	4011655168
1790187765.365689000	248673	4074258432
1790187765.886204000	244250	4001792000
1790187766.408758000	243403	3987914752
1790187766.919376000	243450	3988684800
1790187767.434578000	247444	4054122496
1790187767.944611000	243373	3987423232
1790187768.463340000	239428	3922788352
1790187768.974885000	239453	3923197952
1790187769.496115000	239478	3923607552
1790187770.011808000	592513	9707732992
1790187770.524068000	592532	9708044288
1790187771.062219000	593077	9716973568
1790187771.661820000	598493	9805709312
1790187772.181486000	598592	9807331328
1790187772.691600000	584928	9583460352
1790187773.220573000	588827	9647341568
1790187773.744093000	588859	9647865856
1790187774.260186000	588887	9648324608
1790187774.773865000	584980	9584312320
1790187775.288471000	584976	9584246784
1790187775.802199000	588429	9640820736
1790187776.323193000	588444	9641066496
1790187776.839945000	588460	9641328640
1790187777.361861000	599962	9829777408
1790187777.891399000	599870	9828270080
1790187778.468826000	592950	9714892800
1790187779.039836000	593032	9716236288
1790187779.577352000	592122	9701326848
1790187780.099011000	593385	9722019840
1790187780.640943000	593704	9727246336
1790187781.176864000	592276	9703849984
1790187781.909195000	592501	9707536384
1790187782.442860000	592508	9707651072
1790187782.977384000	592292	9704112128
1790187783.583013000	592573	9708716032
1790187784.464110000	588837	9647505408
1790187785.090043000	593358	9721577472
1790187785.683226000	593418	9722560512
1790187786.456307000	593463	9723297792
1790187787.219554000	597336	9786753024
1790187787.914905000	592626	9709584384
1790187788.587538000	589193	9653338112
1790187789.253864000	589911	9665101824
1790187790.048723000	592761	9711796224
1790187790.661206000	589022	9650536448
1790187791.288376000	593056	9716629504
1790187791.921314000	593017	9715990528
1790187792.512964000	588997	9650126848
1790187793.119679000	588750	9646080000
1790187793.645452000	588470	9641492480
1790187794.286620000	588753	9646129152
1790187794.953402000	588813	9647112192
1790187795.542004000	592541	9708191744
1790187796.310535000	592621	9709502464
1790187797.000620000	588849	9647702016
1790187797.624039000	592542	9708208128
1790187798.304234000	592529	9707995136
1790187798.905364000	588850	9647718400
1790187799.727717000	601406	9853435904
1790187800.565587000	593557	9724837888
1790187801.259579000	597364	9787211776
1790187801.959638000	597264	9785573376
1790187802.511838000	593278	9720266752
1790187803.055735000	597023	9781624832
1790187803.574934000	596942	9780297728
1790187804.116830000	596991	9781100544
1790187804.844962000	593277	9720250368
1790187805.619198000	592469	9707012096
1790187806.322490000	588924	9648930816
1790187806.969817000	589258	9654403072
1790187807.703139000	592958	9715023872
1790187808.508356000	589022	9650536448
1790187809.148873000	589386	9656500224
1790187809.935968000	589474	9657942016
1790187810.639186000	585710	9596272640
1790187811.261961000	589256	9654370304
1790187811.821492000	589219	9653764096
1790187812.375853000	585416	9591455744
1790187812.916945000	585409	9591341056
1790187813.476637000	589184	9653190656
1790187814.027488000	589110	9651978240
1790187814.558919000	236052	3867475968
1790187815.165378000	236047	3867394048
1790187815.781602000	239446	3923083264
1790187816.336882000	235660	3861053440
1790187816.912287000	235727	3862151168
1790187817.460145000	235729	3862183936
1790187818.005099000	239495	3923886080
1790187818.575472000	239470	3923476480
1790187819.125419000	235726	3862134784
1790187819.664807000	239482	3923673088
1790187820.213308000	239464	3923378176
1790187820.761256000	235728	3862167552
1790187821.308989000	239490	3923804160
1790187821.848413000	239383	3922051072
1790187822.375995000	243095	3982868480
1790187822.893895000	243084	3982688256
1790187823.417560000	239692	3927113728
1790187823.939363000	239739	3927883776
1790187824.462884000	239843	3929587712
1790187824.986717000	239915	3930767360
1790187825.497362000	243700	3992780800
1790187826.016297000	243725	3993190400
1790187826.590214000	240323	3937452032
1790187827.180983000	248389	4069605376
1790187827.712068000	248703	4074749952
1790187828.280252000	298099	4884054016
1790187828.907616000	292672	4795138048
1790187829.438516000	331790	5436047360
1790187830.281419000	315133	5163139072
1790187830.856555000	317375	5199872000
1790187831.733355000	291084	4769120256
1790187832.487439000	318004	5210177536
1790187833.118490000	339288	5558894592
1790187833.968382000	356829	5846286336
1790187834.640612000	485281	7950843904
1790187835.208604000	530504	8691777536
1790187835.918506000	517719	8482308096
1790187836.504570000	392142	6424854528
1790187837.396263000	371330	6083870720
1790187837.949189000	485686	7957479424
1790187838.559949000	368707	6040895488
1790187839.143741000	354407	5806604288
1790187839.882819000	348290	5706383360
1790187840.486398000	345661	5663309824
1790187841.111760000	350857	5748441088
1790187841.630608000	353284	5788205056
1790187842.147220000	361232	5918425088
1790187842.663917000	356712	5844369408
1790187843.181218000	360463	5905825792
1790187843.695722000	385192	6310985728
1790187844.219177000	380833	6239567872
1790187844.742349000	381773	6254968832
1790187845.257583000	357621	5859262464
1790187845.775579000	353663	5794414592
1790187846.296572000	347363	5691195392
1790187846.814834000	351209	5754208256
1790187847.340474000	344158	5638684672
1790187847.866658000	344148	5638520832
1790187848.395284000	364219	5967364096
1790187848.911610000	362860	5945098240
1790187849.435397000	367676	6024003584
1790187849.959163000	361280	5919211520
1790187850.479621000	361364	5920587776
1790187850.996215000	364200	5967052800
1790187851.510148000	371917	6093488128
1790187852.027100000	394698	6466732032
1790187852.543924000	388032	6357516288
1790187853.065580000	383929	6290292736
1790187853.591161000	387797	6353666048
1790187854.106105000	266536	4366925824
1790187854.627837000	262821	4306059264
1790187855.147877000	266696	4369547264
1790187855.669604000	259470	4251156480
1790187856.203134000	258504	4235329536
1790187856.736226000	255362	4183851008
1790187857.259250000	255877	4192288768
1790187857.783884000	252272	4133224448
1790187858.317657000	249090	4081090560
1790187858.841186000	249277	4084154368
1790187859.373642000	253201	4148445184
1790187859.899694000	256983	4210409472
1790187860.414293000	253118	4147085312
1790187860.945941000	253210	4148592640
1790187861.459434000	259497	4251598848
1790187861.975442000	264876	4339728384
1790187862.491861000	267887	4389060608
1790187863.011180000	516403	8460746752
1790187863.534894000	558287	9146974208
1790187864.060910000	558528	9150922752
1790187864.587087000	548465	8986050560
1790187865.107440000	548326	8983773184
1790187865.625334000	544508	8921219072
1790187866.170890000	540807	8860581888
1790187866.708820000	539503	8839217152
1790187867.237511000	550728	9023127552
1790187867.758046000	356763	5845204992
1790187868.272346000	348134	5703827456
1790187868.785453000	339689	5565464576
1790187869.298768000	346207	5672255488
1790187869.820778000	349163	5720686592
1790187870.338810000	342811	5616615424
1790187870.855062000	340797	5583618048
1790187871.374141000	344669	5647056896
1790187871.891770000	341131	5589090304
1790187872.411954000	368019	6029623296
1790187872.927922000	702359	11507449856
1790187873.470638000	698350	11441766400
1790187874.062065000	694993	11386765312
1790187874.720391000	695516	11395334144
1790187875.255326000	693646	11364696064
1790187875.793347000	677290	11096719360
1790187876.347997000	586657	9611788288
1790187876.877260000	586552	9610067968
1790187877.386655000	590338	9672097792
1790187877.898117000	590272	9671016448
1790187878.417555000	586499	9609199616
1790187878.926965000	590955	9682206720
1790187879.461128000	594891	9746694144
1790187880.155591000	597520	9789767680
1790187880.674151000	592384	9705619456
1790187881.203787000	591498	9691103232
1790187881.732598000	591456	9690415104
1790187882.247170000	587673	9628434432
1790187882.769119000	237869	3897245696
1790187883.288888000	237687	3894263808
1790187883.799806000	237543	3891904512
1790187884.313909000	246275	4034969600
1790187884.839387000	246276	4034985984
1790187885.371241000	250083	4097359872
1790187885.899080000	244684	4008902656
1790187886.425769000	240861	3946266624
1790187886.948271000	240774	3944841216
1790187887.464463000	244557	4006821888
1790187887.989923000	244553	4006756352
1790187888.510778000	240826	3945693184
1790187889.028977000	240907	3947020288
1790187889.571690000	244786	4010573824
1790187890.096332000	244804	4010868736
1790187890.615643000	236337	3872145408
1790187891.126811000	236230	3870392320
1790187891.641236000	236244	3870621696
1790187892.153383000	236249	3870703616
1790187892.664401000	236249	3870703616
1790187893.182440000	240023	3932536832
1790187893.702495000	244692	4009033728
1790187894.227669000	244478	4005527552
1790187894.743322000	240696	3943563264
1790187895.267151000	244510	4006051840
1790187895.791382000	244353	4003479552
1790187896.308023000	240541	3941023744
1790187896.832250000	240541	3941023744
1790187897.358030000	244326	4003037184
1790187897.880430000	243157	3983884288
1790187898.392354000	239506	3924066304
1790187898.916488000	239641	3926278144
1790187899.447741000	243450	3988684800
1790187899.977520000	246664	4041342976
1790187900.507183000	247868	4061069312
1790187901.038895000	244620	4007854080
1790187901.564828000	239622	3925966848
1790187902.100667000	243392	3987734528
1790187902.630541000	243370	3987374080
1790187903.160796000	243406	3987963904
1790187903.691482000	243396	3987800064
1790187904.209801000	239587	3925393408
1790187904.743220000	140285	2298429440
1790187905.263612000	144226	2362998784
1790187905.781453000	144317	2364489728
1790187906.307687000	140545	2302689280
1790187906.828792000	135864	2225995776
1790187907.346289000	139637	2287812608
1790187907.861284000	139688	2288648192
1790187908.370505000	137065	2245672960
1790187908.884905000	137042	2245296128
1790187909.394336000	139723	2289221632
1790187909.910706000	139752	2289696768
1790187910.429474000	137043	2245312512
1790187910.944460000	137060	2245591040
1790187911.463637000	136781	2241019904
1790187911.988765000	136418	2235072512
1790187912.520802000	136418	2235072512
1790187913.061191000	138925	2276147200
1790187913.594743000	138947	2276507648
1790187914.122236000	138914	2275966976
1790187914.645716000	136263	2232532992
1790187915.163876000	138948	2276524032
1790187915.686906000	138915	2275983360
1790187916.215446000	138907	2275852288
1790187916.744688000	135946	2227339264
1790187917.262630000	139069	2278506496
1790187917.781126000	139124	2279407616
1790187918.291439000	139166	2280095744
1790187918.823367000	136814	2241560576
1790187919.345668000	139229	2281127936
1790187919.900416000	139524	2285961216
1790187920.433667000	136891	2242822144
1790187920.959558000	136774	2240905216
1790187921.488066000	241786	3961421824
1790187922.052426000	241809	3961798656
1790187922.691026000	235112	3852075008
1790187923.354700000	238878	3913777152
1790187924.011684000	238979	3915431936
1790187924.733385000	235139	3852517376
1790187925.748727000	238952	3914989568
1790187926.327929000	238904	3914203136
1790187926.869723000	234876	3848208384
1790187927.385485000	234713	3845537792
1790187927.901220000	234587	3843473408
1790187928.412936000	234622	3844046848
1790187928.923722000	234666	3844767744
1790187929.442677000	238595	3909140480
1790187929.961102000	238748	3911647232
1790187930.474559000	234889	3848421376
1790187930.994292000	240296	3937009664
1790187931.519120000	244377	4003872768
1790187932.071827000	244365	4003676160
1790187932.603416000	235192	3853385728
1790187933.128136000	235060	3851223040
1790187933.647289000	234896	3848536064
1790187934.172248000	235158	3852828672
1790187934.698219000	235214	3853746176
1790187935.222245000	238966	3915218944
1790187935.755867000	238994	3915677696
1790187936.292453000	235269	3854647296
1790187936.828085000	238490	3907420160
1790187937.353230000	242275	3969433600
1790187937.885899000	239079	3917070336
1790187938.423825000	235264	3854565376
1790187938.943268000	235307	3855269888
1790187939.468129000	239010	3915939840
1790187939.995302000	239003	3915825152
1790187940.516377000	235049	3851042816
1790187941.036076000	235074	3851452416
1790187941.554870000	235115	3852124160
1790187942.073480000	235139	3852517376
1790187942.592411000	235167	3852976128
1790187943.109125000	238924	3914530816
1790187943.627401000	238810	3912663040
1790187944.138730000	238739	3911499776
1790187944.663421000	234998	3850207232
1790187945.189103000	238783	3912220672
1790187945.713136000	238774	3912073216
1790187946.230455000	234993	3850125312
1790187946.757449000	235067	3851337728
1790187947.282302000	239068	3916890112
1790187947.805011000	239070	3916922880
1790187948.326052000	235118	3852173312
1790187948.844961000	242755	3977297920
1790187949.376586000	242691	3976249344
1790187949.913398000	239812	3929079808
1790187950.449175000	239818	3929178112
1790187950.977591000	239717	3927523328
1790187951.501520000	243504	3989569536
1790187952.036476000	243507	3989618688
1790187952.562886000	239724	3927638016
1790187953.087474000	243725	3993190400
1790187953.623588000	243696	3992715264
1790187954.156432000	243696	3992715264
1790187954.679124000	239722	3927605248
1790187955.210285000	239728	3927703552
1790187955.738403000	239730	3927736320
1790187956.270962000	239699	3927228416
1790187956.797748000	239668	3926720512
1790187957.328369000	243477	3989127168
1790187957.861033000	243132	3983474688
1790187958.396370000	239320	3921018880
1790187958.931860000	239327	3921133568
1790187959.466291000	243314	3986456576
1790187959.996884000	243315	3986472960
1790187960.525253000	244327	4003053568
1790187961.054270000	243722	3993141248
1790187961.583198000	239344	3921412096
1790187962.117825000	242967	3980771328
1790187962.647675000	243013	3981524992
1790187963.163240000	243161	3983949824
1790187963.697304000	243253	3985457152
1790187964.229354000	239528	3924426752
1790187964.750951000	239557	3924901888
1790187965.269668000	243503	3989553152
1790187965.786326000	238872	3913678848
1790187966.305757000	235062	3851255808
1790187966.817727000	235154	3852763136
1790187967.332188000	235145	3852615680
1790187967.844711000	235165	3852943360
1790187968.359229000	235145	3852615680
1790187968.879133000	235154	3852763136
1790187969.389561000	238949	3914940416
1790187969.920799000	246776	4043177984
1790187970.452268000	243052	3982163968
1790187970.980450000	239859	3929849856
1790187971.525320000	243919	3996368896
1790187972.037432000	239316	3920953344
1790187972.556780000	235478	3858071552
1790187973.072249000	235541	3859103744
1790187973.588985000	235621	3860414464
1790187974.108154000	235596	3860004864
1790187974.618260000	235603	3860119552
1790187975.150076000	239119	3917725696
1790187975.671988000	239124	3917807616
1790187976.206767000	235310	3855319040
1790187976.741196000	235310	3855319040
1790187977.257179000	242242	3968892928
1790187977.769917000	246958	4046159872
1790187978.304139000	242984	3981049856
1790187978.829587000	240105	3933880320
1790187979.348419000	240105	3933880320
1790187979.866872000	240105	3933880320
1790187980.396352000	240104	3933863936
1790187980.928169000	240104	3933863936
1790187981.455050000	243886	3995828224
1790187981.992364000	243886	3995828224
1790187982.532716000	240105	3933880320
1790187983.065024000	244087	3999121408
1790187983.584610000	244087	3999121408
1790187984.114716000	244088	3999137792
1790187984.638298000	240088	3933601792
1790187985.171482000	240088	3933601792
1790187985.701627000	240088	3933601792
1790187986.215754000	240089	3933618176
1790187986.750760000	240089	3933618176
1790187987.279955000	243872	3995598848
1790187987.811503000	242849	3978838016
1790187988.341091000	239066	3916857344
1790187988.869316000	239042	3916464128
1790187989.401422000	243067	3982409728
1790187989.936949000	243157	3983884288
1790187990.470202000	239294	3920592896
1790187990.985406000	239342	3921379328
1790187991.500535000	239419	3922640896
1790187992.015951000	239571	3925131264
1790187992.544401000	239716	3927506944
1790187993.071198000	243633	3991683072
1790187993.611688000	243725	3993190400
1790187994.162825000	244058	3998646272
1790187994.693363000	235394	3856695296
1790187995.253194000	235796	3863281664
1790187995.893462000	235836	3863937024
1790187996.419177000	235678	3861348352
1790187996.969836000	235784	3863085056
1790187997.530124000	239722	3927605248
1790187998.119080000	239861	3929882624
1790187998.752110000	236092	3868131328
1790187999.522503000	240018	3932454912
1790188000.204615000	239884	3930259456
1790188000.762587000	236046	3867377664
1790188001.292683000	239791	3928735744
1790188001.821380000	239811	3929063424
1790188002.439929000	243778	3994058752
1790188003.085839000	243630	3991633920
1790188003.728728000	244297	4002562048
1790188004.259477000	244054	3998580736
1790188004.874424000	237611	3893018624
1790188005.389856000	241732	3960537088
1790188005.909028000	241779	3961307136
1790188006.429907000	236751	3878928384
1790188006.949663000	236782	3879436288
1790188007.465281000	240600	3941990400
1790188007.977308000	240582	3941695488
1790188008.532918000	236918	3881664512
1790188009.073784000	245410	4020797440
1790188009.604118000	245238	4017979392
1790188010.290948000	241501	3956752384
1790188011.046428000	241434	3955654656
1790188011.705488000	239272	3920232448
1790188012.250427000	239277	3920314368
1790188012.789144000	235754	3862593536
1790188013.322625000	239538	3924590592
1790188013.855111000	239543	3924672512
1790188014.400125000	235760	3862691840
1790188014.934280000	235756	3862626304
1790188015.471406000	239551	3924803584
1790188016.000063000	239567	3925065728
1790188016.521619000	235766	3862790144
1790188017.050882000	239541	3924639744
1790188017.588023000	244003	3997745152
1790188018.111185000	240181	3935125504
1790188018.635950000	239946	3931275264
1790188019.154749000	239984	3931897856
1790188019.674372000	239978	3931799552
1790188020.188433000	244976	4013686784
1790188020.707764000	244940	4013096960
1790188021.239484000	243769	3993911296
1790188021.768999000	243814	3994648576
1790188022.292198000	243753	3993649152
1790188022.826698000	243809	3994566656
1790188023.356687000	243902	3996090368
1790188023.969157000	243937	3996663808
1790188024.500519000	240110	3933962240
1790188025.019400000	235467	3857891328
1790188025.538394000	239400	3922329600
1790188026.058366000	239410	3922493440
1790188026.581548000	235553	3859300352
1790188027.104172000	239408	3922460672
1790188027.619770000	239335	3921264640
1790188028.135389000	239020	3916103680
1790188028.668214000	235238	3854139392
1790188029.200795000	235231	3854024704
1790188029.713892000	235257	3854450688
1790188030.229706000	235329	3855630336
1790188030.743145000	247529	4055515136
1790188031.257986000	265038	4342382592
1790188031.778497000	257967	4226531328
