1790187304.446428000	344566	5645369344
1790187305.140095000	335973	5504581632
1790187305.659282000	339308	5559222272
1790187306.188305000	342444	5610602496
1790187306.760913000	338754	5550145536
1790187307.328056000	679314	11129880576
1790187307.954525000	714429	11705204736
1790187308.491558000	710863	11646779392
1790187309.059867000	707475	11591270400
1790187309.752304000	692369	11343773696
1790187310.481909000	689212	11292049408
1790187311.104658000	689204	11291918336
1790187311.710211000	693124	11356143616
1790187312.276948000	689303	11293540352
1790187312.842155000	788233	12914409472
1790187313.457952000	795112	13027115008
1790187314.134521000	795227	13028999168
1790187314.825121000	787670	12905185280
1790187315.435342000	692702	11349229568
1790187315.978865000	720925	11811635200
1790187316.501620000	713274	11686281216
1790187317.024994000	714232	11701977088
1790187317.545004000	714208	11701583872
1790187318.061628000	710443	11639898112
1790187318.574320000	714292	11702960128
1790187319.099324000	596960	9780592640
1790187319.626354000	596906	9779707904
1790187320.150376000	593100	9717350400
1790187320.731945000	702730	11513528320
1790187321.282735000	706802	11580243968
1790187321.802973000	825149	13519241216
1790187322.413625000	838277	13734330368
1790187322.964938000	735345	12047892480
1790187323.493419000	734810	12039127040
1790187324.027207000	749183	12274614272
1790187324.552710000	936089	15336882176
1790187325.080612000	948574	15541436416
1790187325.784883000	857514	14049509376
1790187326.473491000	801581	13133103104
1790187327.066094000	697758	11432067072
1790187327.737187000	706976	11583094784
1790187328.305775000	708614	11609931776
1790187328.836882000	704921	11549425664
1790187329.362997000	702546	11510513664
1790187329.890446000	702631	11511906304
1790187330.412250000	698859	11450105856
1790187330.936311000	698862	11450155008
1790187331.470664000	721436	11820007424
1790187331.993655000	724515	11870453760
1790187332.518251000	720627	11806752768
1790187333.046302000	823459	13491552256
1790187333.570569000	705041	11551391744
1790187334.098348000	701278	11489738752
1790187334.625461000	702163	11504238592
1790187335.142808000	708823	11613356032
1790187335.672730000	708054	11600756736
1790187336.197880000	713548	11690770432
1790187336.714672000	709781	11629051904
1790187337.242661000	707024	11583881216
1790187337.779452000	721814	11826200576
1790187338.309658000	720917	11811504128
1790187338.837341000	714202	11701485568
1790187339.362023000	711822	11662491648
1790187339.892583000	715518	11723046912
1790187340.420093000	711894	11663671296
1790187340.944185000	733766	12022022144
1790187341.482644000	738483	12099305472
1790187342.008744000	741311	12145639424
1790187342.539341000	745005	12206161920
1790187343.064703000	745020	12206407680
1790187343.585899000	737194	12078186496
1790187344.111586000	749791	12284575744
1790187344.641163000	611427	10017619968
1790187345.161925000	624692	10234953728
1790187345.678077000	629416	10312351744
1790187346.218589000	616231	10096328704
1790187346.752006000	598777	9810362368
1790187347.275952000	614972	10075701248
1790187347.820468000	620221	10161700864
1790187348.341212000	616430	10099589120
1790187348.854701000	611099	10012246016
1790187349.375210000	614834	10073440256
1790187349.895761000	614789	10072702976
1790187350.415308000	611004	10010689536
1790187350.944033000	611101	10012278784
1790187351.496993000	605301	9917251584
1790187352.046371000	605304	9917300736
1790187352.573524000	598602	9807495168
1790187353.097931000	597213	9784737792
1790187353.618740000	597240	9785180160
1790187354.142185000	603563	9888776192
1790187354.666664000	606527	9937338368
1790187355.183306000	610473	10001989632
1790187355.699213000	610472	10001973248
1790187356.220939000	607625	9955328000
1790187356.744556000	615666	10087071744
1790187357.267374000	615329	10081550336
1790187357.818309000	615381	10082402304
1790187358.382490000	612088	10028449792
1790187358.924078000	612170	10029793280
1790187359.441676000	607887	9959620608
1790187359.954429000	607889	9959653376
1790187360.474871000	609109	9979641856
1790187360.994831000	609182	9980837888
1790187361.510140000	604203	9899261952
1790187362.024971000	589395	9656647680
1790187362.549809000	589342	9655779328
1790187363.070011000	597552	9790291968
1790187363.588723000	593863	9729851392
1790187364.110754000	593906	9730555904
1790187364.654376000	590165	9669263360
1790187365.170043000	594234	9735929856
1790187365.689611000	589519	9658679296
1790187366.204066000	585616	9594732544
1790187366.722328000	589140	9652469760
1790187367.241630000	589205	9653534720
1790187367.770108000	589485	9658122240
1790187368.298776000	589260	9654435840
1790187368.951588000	589456	9657647104
1790187369.577940000	597789	9794174976
1790187370.109658000	597602	9791111168
1790187370.650707000	594080	9733406720
1790187371.319775000	597909	9796141056
1790187372.014975000	597834	9794912256
1790187373.110414000	597853	9795223552
1790187373.976887000	593167	9718448128
1790187374.745105000	589422	9657090048
1790187375.609920000	593228	9719447552
1790187376.309995000	593262	9720004608
1790187376.960356000	589477	9657991168
1790187377.508625000	593149	9718153216
1790187378.031921000	592885	9713827840
1790187378.547042000	589058	9651126272
1790187379.062996000	594188	9735176192
1790187379.585190000	594110	9733898240
1790187380.104382000	594120	9734062080
1790187380.619448000	590370	9672622080
1790187381.140144000	598673	9808658432
1790187381.712773000	598947	9813147648
1790187382.389681000	595232	9752281088
1790187383.141622000	598979	9813671936
1790187384.006793000	594276	9736617984
1790187384.763274000	589284	9654829056
1790187385.280771000	589207	9653567488
1790187385.819268000	589425	9657139200
1790187386.380816000	589475	9657958400
1790187386.963672000	589482	9658073088
1790187387.530479000	593138	9717972992
1790187388.085978000	593117	9717628928
1790187388.628276000	589384	9656467456
1790187389.184314000	593149	9718153216
1790187389.740965000	593126	9717776384
1790187390.289816000	589290	9654927360
1790187390.836553000	589294	9654992896
1790187391.380045000	593747	9727950848
1790187391.919881000	593755	9728081920
1790187392.495320000	593722	9727541248
1790187393.046803000	593759	9728147456
1790187393.574960000	597270	9785671680
1790187394.089463000	597313	9786376192
1790187394.601815000	593457	9723199488
1790187395.119648000	593499	9723887616
1790187395.641013000	593559	9724870656
1790187396.173647000	593657	9726476288
1790187396.712914000	593680	9726853120
1790187397.280443000	597406	9787899904
1790187397.835021000	592769	9711927296
1790187398.358530000	589085	9651568640
1790187398.878705000	589097	9651765248
1790187399.401460000	589097	9651765248
1790187399.922446000	589131	9652322304
1790187400.443186000	589190	9653288960
1790187400.975800000	596984	9780985856
1790187401.522625000	601068	9847898112
1790187402.049258000	624123	10225631232
1790187402.581215000	636868	10434445312
1790187403.108539000	642589	10528178176
1790187403.635259000	826555	13542277120
1790187404.163260000	826939	13548568576
1790187404.682540000	693759	11366547456
1790187405.212202000	696817	11416649728
1790187405.749535000	783294	12833488896
1790187406.273480000	684402	11213242368
1790187406.800397000	684407	11213324288
1790187407.329451000	688145	11274567680
1790187407.854935000	688148	11274616832
1790187408.381459000	684347	11212341248
1790187408.896306000	684354	11212455936
1790187409.429935000	684365	11212636160
1790187409.963736000	684358	11212521472
1790187410.496320000	684389	11213029376
1790187411.021435000	684392	11213078528
1790187411.554965000	710032	11633164288
1790187412.086789000	710032	11633164288
1790187412.612410000	687430	11262853120
1790187413.136027000	691150	11323801600
1790187413.670229000	688053	11273060352
1790187414.198668000	688034	11272749056
1790187414.711477000	684312	11211767808
1790187415.230723000	688311	11277287424
1790187415.751129000	688313	11277320192
1790187416.265261000	687593	11265523712
1790187416.776887000	687638	11266260992
1790187417.297401000	684293	11211456512
1790187417.815709000	684304	11211636736
1790187418.340666000	684334	11212128256
1790187418.885803000	706022	11567464448
1790187419.412677000	713046	11682545664
1790187419.947438000	710310	11637719040
1790187420.479652000	711635	11659427840
1790187421.001775000	593399	9722249216
1790187421.518203000	596941	9780281344
1790187422.046064000	597790	9794191360
1790187422.575163000	593990	9731932160
1790187423.098012000	590298	9671442432
1790187423.629166000	590270	9670983680
1790187424.160590000	590312	9671671808
1790187424.691450000	595083	9749839872
1790187425.216097000	598909	9812525056
1790187425.739965000	594164	9734782976
1790187426.259978000	590442	9673801728
1790187426.778941000	590303	9671524352
1790187427.302620000	594140	9734389760
1790187427.817626000	594224	9735766016
1790187428.328594000	590446	9673867264
1790187428.840324000	595759	9760915456
1790187429.351830000	595762	9760964608
1790187429.883662000	590344	9672196096
1790187430.413157000	590446	9673867264
1790187430.943312000	590396	9673048064
1790187431.483386000	594191	9735225344
1790187432.022883000	594191	9735225344
1790187432.562532000	590289	9671294976
1790187433.099593000	594301	9737027584
1790187433.639273000	594272	9736552448
1790187434.171304000	590270	9670983680
1790187434.708949000	590302	9671507968
1790187435.249979000	590302	9671507968
1790187435.770599000	590412	9673310208
1790187436.283671000	590461	9674113024
1790187436.801909000	590543	9675456512
1790187437.339143000	594372	9738190848
1790187437.863108000	594370	9738158080
1790187438.381105000	585906	9599483904
1790187438.893144000	585904	9599451136
1790187439.406312000	585934	9599942656
1790187439.925164000	585933	9599926272
1790187440.439034000	236092	3868131328
1790187440.949464000	236052	3867475968
1790187441.468806000	239848	3929669632
1790187441.987484000	239894	3930423296
1790187442.505265000	243879	3995713536
1790187443.089612000	243968	3997171712
1790187443.794152000	244719	4009476096
1790187444.414660000	240803	3945316352
1790187444.971589000	236395	3873095680
1790187445.509647000	240204	3935502336
1790187446.105263000	240262	3936452608
1790187446.892874000	236539	3875454976
1790187447.540437000	239868	3929997312
1790187448.136449000	239899	3930505216
1790187448.751602000	236059	3867590656
1790187449.355335000	239877	3930144768
1790187449.956855000	239860	3929866240
1790187450.580219000	240525	3940761600
1790187451.151673000	244393	4004134912
1790187451.718859000	244114	3999563776
1790187452.251563000	240337	3937681408
1790187452.778755000	240301	3937091584
1790187453.290145000	235665	3861135360
1790187453.807880000	235712	3861905408
1790187454.321900000	235684	3861446656
1790187454.834303000	235749	3862511616
1790187455.347842000	239527	3924410368
1790187455.889956000	239764	3928293376
1790187456.435524000	235926	3865411584
1790187456.962077000	244675	4008755200
1790187457.479127000	248420	4070113280
1790187457.994255000	244061	3998695424
1790187458.525669000	240497	3940302848
1790187459.059675000	244338	4003233792
1790187459.585345000	244273	4002168832
1790187460.105881000	244285	4002365440
1790187460.644843000	240525	3940761600
1790187461.204754000	244369	4003741696
1790187461.836410000	244421	4004593664
1790187462.470121000	240075	3933388800
1790187463.125278000	239241	3919724544
1790187463.787780000	239221	3919396864
1790187464.400329000	235445	3857530880
1790187464.942654000	235493	3858317312
1790187465.483223000	239170	3918561280
1790187466.002228000	239009	3915923456
1790187466.520506000	235328	3855613952
1790187467.032733000	235341	3855826944
1790187467.542579000	235265	3854581760
1790187468.061606000	235277	3854778368
1790187468.578674000	239806	3928981504
1790187469.260516000	243689	3992600576
1790187469.870611000	243764	3993829376
1790187470.395700000	239991	3932012544
1790187470.909138000	235341	3855826944
1790187471.426961000	239128	3917873152
1790187471.944082000	239126	3917840384
1790187472.462079000	238268	3903782912
1790187472.971458000	238306	3904405504
1790187473.487916000	239203	3919101952
1790187473.999194000	436655	7154155520
1790187474.513965000	435708	7138639872
1790187475.033763000	438143	7178534912
1790187475.551806000	433097	7095861248
1790187476.060830000	433165	7096975360
1790187476.572306000	429205	7032094720
1790187477.090111000	433133	7096451072
1790187477.612771000	433005	7094353920
1790187478.127369000	429346	7034404864
1790187478.651579000	429624	7038959616
1790187479.170705000	429459	7036256256
1790187479.718369000	434030	7111147520
1790187480.238615000	438911	7191117824
1790187480.755571000	438739	7188299776
1790187481.313527000	437849	7173718016
1790187481.919330000	433659	7105069056
1790187482.528523000	443223	7261765632
1790187483.073149000	447041	7324319744
1790187483.692663000	433658	7105052672
1790187484.249196000	433546	7103217664
1790187484.800117000	433568	7103578112
1790187485.378558000	437327	7165165568
1790187485.914870000	433325	7099596800
1790187486.433162000	235306	3855253504
1790187486.944510000	235277	3854778368
1790187487.463313000	235324	3855548416
1790187487.977176000	235330	3855646720
1790187488.495645000	238326	3904733184
1790187489.009451000	238353	3905175552
1790187489.551392000	245421	4020977664
1790187490.081003000	247280	4051435520
1790187490.615719000	243552	3990355968
1790187491.154001000	248194	4066410496
1790187491.680098000	601154	9849307136
1790187492.198157000	597231	9785032704
1790187492.722238000	597609	9791225856
1790187493.258749000	594244	9736093696
1790187493.810884000	590360	9672458240
1790187494.383618000	590376	9672720384
1790187494.911718000	594111	9733914624
1790187495.439731000	597866	9795436544
1790187495.974388000	594195	9735290880
1790187496.504118000	594249	9736175616
1790187497.048362000	600910	9845309440
1790187497.581565000	597137	9783492608
1790187498.147740000	598024	9798025216
1790187498.683291000	594078	9733373952
1790187499.195496000	592667	9710256128
1790187499.709211000	596543	9773760512
1790187500.230666000	595559	9757638656
1790187500.759041000	595662	9759326208
1790187501.289953000	599264	9818341376
1790187501.808234000	601991	9863020544
1790187502.324648000	248383	4069507072
1790187502.840887000	248343	4068851712
1790187503.359626000	245480	4021944320
1790187503.886493000	245486	4022042624
1790187504.399335000	248468	4070899712
1790187504.929066000	247352	4052615168
1790187505.478424000	248321	4068491264
1790187506.006910000	322476	5283446784
1790187506.522197000	314015	5144821760
1790187507.034595000	310792	5092016128
1790187507.546107000	310559	5088198656
1790187508.065588000	311259	5099667456
1790187508.575411000	313979	5144231936
1790187509.094317000	325273	5329272832
1790187509.622188000	318397	5216616448
1790187510.143759000	315311	5166055424
1790187510.662620000	323070	5293178880
1790187511.188066000	323297	5296898048
1790187511.772743000	320059	5243846656
1790187512.415352000	245224	4017750016
1790187512.937061000	240402	3938746368
1790187513.450516000	247888	4061396992
1790187513.969148000	253265	4149493760
1790187514.482271000	249482	4087513088
1790187515.000300000	245828	4027645952
1790187515.519375000	244208	4001103872
1790187516.033578000	247032	4047372288
1790187516.548937000	252019	4129079296
1790187517.083767000	256598	4204101632
1790187517.613469000	252371	4134846464
1790187518.141684000	244906	4012539904
1790187518.665451000	248749	4075503616
1790187519.190047000	252549	4137762816
1790187519.703471000	255359	4183801856
1790187520.221634000	247800	4059955200
1790187520.775164000	245031	4014587904
1790187521.336909000	252583	4138319872
1790187521.898796000	252763	4141268992
1790187522.420605000	235432	3857317888
1790187522.936519000	235423	3857170432
1790187523.452732000	235355	3856056320
1790187523.970893000	235355	3856056320
1790187524.484641000	235380	3856465920
1790187524.997248000	235357	3856089088
1790187525.517202000	243639	3991781376
1790187526.029709000	243655	3992043520
1790187526.538950000	239888	3930324992
1790187527.055886000	243712	3992977408
1790187527.574490000	243692	3992649728
1790187528.092965000	243713	3992993792
1790187528.614281000	239940	3931176960
1790187529.133786000	243756	3993698304
1790187529.653729000	243775	3994009600
1790187530.173383000	243787	3994206208
1790187530.690957000	239937	3931127808
1790187531.209014000	239950	3931340800
1790187531.716622000	243203	3984637952
1790187532.224024000	243215	3984834560
1790187532.734020000	239985	3931914240
1790187533.243183000	243965	3997122560
1790187533.761483000	243882	3995762688
1790187534.273696000	239950	3931340800
1790187534.788664000	239936	3931111424
1790187535.302914000	239948	3931308032
1790187535.817019000	239986	3931930624
1790187536.330103000	240025	3932569600
1790187536.846433000	240142	3934486528
1790187537.395669000	243999	3997679616
1790187538.111916000	244281	4002299904
1790187538.834869000	240412	3938910208
1790187539.526786000	236023	3867000832
1790187540.094891000	241028	3949002752
1790187540.629277000	240859	3946233856
1790187541.235911000	244942	4013129728
1790187541.911797000	240266	3936518144
1790187542.657318000	240123	3934175232
1790187543.376338000	240080	3933470720
1790187543.998807000	243227	3985031168
1790187544.563224000	268583	4400463872
1790187545.380564000	306801	5026627584
1790187546.143689000	349673	5729042432
1790187546.838908000	464227	7605895168
1790187547.586344000	501769	8220983296
1790187548.189142000	534281	8753659904
1790187548.973167000	565405	9263595520
1790187549.555131000	589953	9665789952
1790187550.177875000	615825	10089676800
1790187550.801787000	636070	10421370880
1790187551.390715000	668068	10945626112
1790187552.072115000	702383	11507843072
1790187552.774601000	726712	11906449408
1790187553.379191000	762801	12497731584
1790187554.023403000	792191	12979257344
1790187554.543366000	808552	13247315968
1790187555.057427000	833722	13659701248
1790187555.568099000	848955	13909278720
1790187556.084436000	872856	14300872704
1790187556.626461000	896009	14680211456
1790187557.161262000	927648	15198584832
1790187557.935757000	956915	15678095360
1790187558.463484000	990865	16234332160
1790187558.988099000	1011611	16574234624
1790187559.515956000	1097686	17984487424
1790187560.044022000	1203474	19717718016
1790187560.659854000	1227890	20117749760
1790187561.428465000	1263493	20701069312
1790187561.971203000	1325256	21712994304
1790187562.655539000	1401806	22967189504
1790187563.304250000	1439903	23591370752
1790187563.983339000	1436637	23537860608
1790187564.581973000	1432825	23475404800
1790187565.114874000	1436625	23537664000
1790187565.653482000	1436611	23537434624
1790187566.375168000	1433112	23480107008
1790187566.982036000	1433134	23480467456
1790187567.736347000	1436766	23539974144
1790187568.680819000	1432977	23477895168
1790187569.326527000	1436782	23540236288
1790187569.903559000	1436604	23537319936
1790187570.434612000	1432838	23475617792
1790187570.957950000	1432796	23474929664
1790187571.495185000	1437416	23550623744
1790187572.062559000	1436417	23534256128
1790187572.619264000	1436454	23534862336
1790187573.175271000	1440223	23596613632
1790187573.810625000	1440370	23599022080
1790187574.543979000	1436643	23537958912
1790187575.190357000	1435669	23522000896
1790187575.724314000	1435712	23522705408
1790187576.253204000	1431896	23460184064
1790187576.844166000	1431898	23460216832
1790187577.378970000	1435481	23518920704
1790187577.895682000	1435539	23519870976
1790187578.416472000	1431744	23457693696
1790187578.939590000	1431622	23455694848
1790187579.462023000	1431636	23455924224
1790187579.983109000	1431642	23456022528
1790187580.501531000	1431601	23455350784
1790187581.023894000	1431624	23455727616
1790187581.536171000	1435383	23517315072
1790187582.051990000	1435354	23516839936
1790187582.572160000	1431535	23454269440
1790187583.087911000	1435238	23514939392
1790187583.600948000	1442953	23641341952
1790187584.188736000	1435563	23520264192
1790187584.736200000	1432364	23467851776
1790187585.294394000	1436207	23530815488
1790187585.815506000	1431478	23453335552
1790187586.336544000	1431546	23454449664
1790187586.858099000	1431601	23455350784
1790187587.368535000	1435376	23517200384
1790187587.889004000	1435456	23518511104
1790187588.422188000	1432006	23461986304
1790187588.954080000	1431767	23458070528
1790187589.552298000	1432057	23462821888
1790187590.134975000	1436800	23540531200
1790187590.712049000	1440879	23607361536
1790187591.254053000	1448723	23735877632
1790187591.984123000	1444789	23671422976
1790187592.586605000	1446093	23692787712
1790187593.206812000	1452771	23802200064
1790187593.800087000	1444179	23661428736
1790187594.364659000	1433217	23481827328
1790187594.985975000	1436967	23543267328
1790187595.581394000	1440743	23605133312
1790187596.370013000	1437005	23543889920
1790187597.065530000	1432303	23466852352
1790187597.598099000	236452	3874029568
1790187598.123951000	236282	3871244288
1790187598.645550000	235346	3855908864
1790187599.161385000	239227	3919495168
1790187599.672993000	239207	3919167488
1790187600.191532000	244330	4003102720
1790187600.710710000	240570	3941498880
1790187601.227122000	244379	4003905536
1790187601.758886000	239340	3921346560
1790187602.292941000	239493	3923853312
1790187602.825673000	243141	3983622144
1790187603.356041000	243215	3984834560
1790187603.880014000	243203	3984637952
1790187604.404708000	235495	3858350080
1790187604.919802000	239313	3920904192
1790187605.437160000	239585	3925360640
1790187605.975292000	240223	3935813632
1790187606.514688000	247150	4049305600
1790187607.053200000	247734	4058873856
1790187607.589946000	244026	3998121984
1790187608.115180000	247867	4061052928
1790187608.645145000	246924	4045602816
1790187609.174614000	246963	4046241792
1790187609.720761000	247856	4060872704
1790187610.257132000	244074	3998908416
1790187610.783067000	244080	3999006720
1790187611.306628000	247626	4057104384
1790187611.823870000	247674	4057890816
1790187612.342256000	239863	3929915392
1790187612.861890000	239968	3931635712
1790187613.375734000	243817	3994697728
1790187613.891314000	246659	4041261056
1790187614.409948000	246587	4040081408
1790187614.927447000	243865	3995484160
1790187615.448651000	247990	4063068160
1790187615.972482000	247779	4059611136
1790187616.493526000	243877	3995680768
1790187617.012620000	243978	3997335552
1790187617.602035000	247908	4061724672
1790187618.132540000	243950	3996876800
1790187618.732356000	251785	4125245440
1790187619.261073000	251184	4115398656
1790187619.779609000	362856	5945032704
1790187620.350833000	383955	6290718720
1790187621.088422000	402898	6601080832
1790187621.634857000	389153	6375882752
1790187622.162421000	384818	6304858112
1790187622.683775000	387285	6345277440
1790187623.205590000	384452	6298861568
1790187623.727947000	380352	6231687168
1790187624.253679000	381035	6242877440
1790187624.800966000	381053	6243172352
1790187625.321949000	384158	6294044672
1790187625.847225000	372123	6096863232
1790187626.390109000	464179	7605108736
1790187626.908293000	554875	9091072000
1790187627.428240000	475688	7793672192
1790187627.953125000	554886	9091252224
1790187628.476228000	462596	7579172864
1790187629.004125000	546702	8957165568
1790187629.525889000	464882	7616626688
1790187630.046259000	464906	7617019904
1790187630.570187000	462076	7570653184
1790187631.122601000	488312	8000503808
1790187631.652154000	487567	7988297728
1790187632.169159000	479179	7850868736
1790187632.698218000	483003	7913521152
1790187633.223574000	486906	7977467904
1790187633.748588000	496274	8130953216
1790187634.272280000	496163	8129134592
1790187634.793621000	496100	8128102400
1790187635.314362000	499787	8188510208
1790187635.843529000	458622	7514062848
1790187636.376596000	458516	7512326144
1790187636.904229000	455357	7460569088
1790187637.426994000	455405	7461355520
1790187637.943113000	456180	7474053120
1790187638.466008000	452429	7412596736
1790187638.989802000	464113	7604027392
1790187639.516413000	481269	7885111296
1790187640.033850000	481302	7885651968
1790187640.574933000	448432	7347109888
1790187641.106479000	455873	7469023232
1790187641.629099000	458668	7514816512
1790187642.147027000	458528	7512522752
1790187642.663482000	470712	7712145408
1790187643.178918000	477561	7824359424
1790187643.698325000	477544	7824080896
1790187644.268763000	477613	7825211392
1790187645.081787000	366850	6010470400
1790187645.670280000	373723	6123077632
1790187646.195142000	368694	6040682496
1790187646.709052000	364994	5980061696
1790187647.230080000	365092	5981667328
1790187647.741028000	365235	5984010240
1790187648.258642000	365310	5985239040
1790187648.778903000	370954	6077710336
1790187649.294966000	664305	10883973120
1790187649.815681000	664995	10895278080
1790187650.330940000	657927	10779475968
1790187650.850392000	651182	10668965888
1790187651.360161000	662736	10858266624
1790187651.914984000	662770	10858823680
1790187652.435767000	655811	10744807424
1790187652.971784000	640525	10494361600
1790187653.482722000	639647	10479976448
1790187653.995996000	636719	10432004096
1790187654.507673000	629277	10310074368
1790187655.021804000	633107	10372825088
1790187655.544717000	658475	10788454400
1790187656.062035000	660969	10829316096
1790187656.582206000	657943	10779738112
1790187657.095963000	666679	10922868736
1790187657.616689000	662806	10859413504
1790187658.138071000	662448	10853548032
1790187658.653971000	662310	10851287040
1790187659.174520000	662279	10850779136
1790187659.689559000	662459	10853728256
1790187660.215355000	667376	10934288384
1790187660.728503000	667381	10934370304
1790187661.249949000	666414	10918526976
1790187661.783075000	657667	10775216128
1790187662.329176000	657853	10778263552
1790187662.864267000	657855	10778296320
1790187663.396439000	653308	10703798272
1790187663.921673000	653315	10703912960
1790187664.433260000	649489	10641227776
1790187664.944929000	649450	10640588800
1790187665.456683000	649406	10639867904
1790187665.974346000	653756	10711138304
1790187666.497056000	653952	10714349568
1790187667.017651000	653947	10714267648
1790187667.537033000	657773	10776952832
1790187668.057836000	662402	10852794368
1790187668.575996000	661459	10837344256
1790187669.088786000	660884	10827923456
1790187669.609011000	661580	10839326720
1790187670.125353000	540493	8855437312
1790187670.639850000	536735	8793866240
1790187671.160480000	536875	8796160000
1790187671.680948000	540517	8855830528
1790187672.201777000	536735	8793866240
1790187672.722708000	536237	8785707008
1790187673.235114000	540320	8852602880
1790187673.755896000	537130	8800337920
1790187674.267491000	533184	8735686656
1790187674.784338000	533204	8736014336
1790187675.305629000	538526	8823209984
1790187675.819435000	538465	8822210560
1790187676.343065000	533210	8736112640
1790187676.878175000	533220	8736276480
1790187677.399915000	537031	8798715904
1790187677.915317000	536959	8797536256
1790187678.427744000	536877	8796192768
1790187678.944532000	536758	8794243072
1790187679.465857000	533165	8735375360
1790187680.001085000	537046	8798961664
1790187680.542518000	537137	8800452608
1790187681.072463000	537126	8800272384
1790187681.591725000	536181	8784789504
1790187682.109870000	536281	8786427904
1790187682.628460000	528921	8665841664
1790187683.146451000	536740	8793948160
1790187683.663578000	539674	8842018816
1790187684.182259000	539676	8842051584
1790187684.698066000	532138	8718548992
1790187685.217944000	532994	8732573696
1790187685.732885000	532621	8726462464
1790187686.253136000	528792	8663728128
1790187686.772945000	532636	8726708224
1790187687.288136000	536438	8789000192
1790187687.809285000	533822	8746139648
1790187688.322769000	541466	8871378944
1790187688.842571000	544315	8918056960
1790187689.361506000	545418	8936128512
1790187689.881527000	545465	8936898560
1790187690.401412000	538659	8825389056
1790187690.921076000	538658	8825372672
1790187691.437966000	538714	8826290176
1790187691.953035000	538668	8825536512
1790187692.465982000	538698	8826028032
1790187692.997675000	538709	8826208256
1790187693.525932000	545622	8939470848
1790187694.056218000	534892	8763670528
1790187694.586191000	541411	8870477824
1790187695.115189000	541227	8867463168
1790187695.641917000	538302	8819539968
1790187696.172783000	548959	8994144256
1790187696.701540000	545274	8933769216
1790187697.240936000	542874	8894447616
1790187697.776168000	546544	8954576896
1790187698.300142000	545925	8944435200
1790187698.817779000	538599	8824406016
1790187699.335683000	542348	8885829632
1790187699.853465000	542354	8885927936
1790187700.372259000	538566	8823865344
1790187700.889158000	542250	8884224000
1790187701.405548000	546052	8946515968
1790187701.925097000	542352	8885895168
1790187702.443997000	541418	8870592512
1790187702.959776000	544330	8918302720
1790187703.500317000	546051	8946499584
1790187704.045594000	546870	8959918080
1790187704.603571000	545145	8931655680
1790187705.127294000	540478	8855191552
1790187705.640938000	540653	8858058752
1790187706.159981000	540923	8862482432
1790187706.677305000	541066	8864825344
1790187707.195189000	533389	8739045376
1790187707.710834000	537080	8799518720
1790187708.231424000	540715	8859074560
1790187708.745142000	537183	8801206272
1790187709.260173000	532273	8720760832
1790187709.782476000	543886	8911028224
1790187710.341491000	542903	8894922752
1790187710.881193000	535970	8781332480
1790187711.456142000	540647	8857960448
1790187711.973752000	536080	8783134720
1790187712.490528000	528468	8658419712
1790187713.007337000	532317	8721481728
1790187713.523399000	536099	8783446016
1790187714.042955000	532261	8720564224
1790187714.564065000	532267	8720662528
1790187715.083624000	538941	8830009344
1790187715.635433000	543451	8903901184
1790187716.178965000	543616	8906604544
1790187716.851905000	537038	8798830592
1790187717.435324000	542052	8880979968
1790187717.956305000	533524	8741257216
1790187718.472902000	536840	8795586560
1790187718.988244000	537794	8811216896
1790187719.509617000	542383	8886403072
1790187720.027193000	546387	8952004608
1790187720.549122000	541200	8867020800
1790187721.062479000	538435	8821719040
1790187721.576358000	533515	8741109760
1790187722.092621000	553581	9069871104
1790187722.612946000	553621	9070526464
1790187723.148280000	546108	8947433472
1790187723.678048000	549815	9008168960
1790187724.458229000	543000	8896512000
1790187725.020290000	539247	8835022848
1790187725.549979000	541623	8873951232
1790187726.222026000	541923	8878866432
1790187726.903720000	541794	8876752896
1790187727.581616000	545704	8940814336
1790187728.319366000	542023	8880504832
1790187729.054153000	540233	8851177472
1790187729.789974000	540326	8852701184
1790187730.516145000	537212	8801681408
1790187731.176118000	537925	8813363200
1790187731.847661000	534281	8753659904
1790187732.387165000	534287	8753758208
1790187732.905393000	533650	8743321600
1790187733.424181000	533536	8741453824
1790187733.946546000	533518	8741158912
1790187734.462507000	533403	8739274752
1790187734.981478000	533591	8742354944
1790187735.494308000	243371	3987390464
1790187736.012711000	243470	3989012480
1790187736.543206000	244858	4011753472
1790187737.076864000	249394	4086071296
1790187737.616021000	255462	4185489408
1790187738.168797000	251236	4116250624
1790187738.697874000	243880	3995729920
1790187739.208917000	247605	4056760320
1790187739.848190000	442468	7249395712
1790187740.429269000	438620	7186350080
1790187741.022360000	438751	7188496384
1790187741.581263000	442586	7251329024
1790187742.171023000	438711	7187841024
1790187742.717262000	438636	7186612224
1790187743.255112000	442466	7249362944
1790187743.827714000	441238	7229243392
1790187744.377179000	437435	7166935040
1790187744.928270000	437387	7166148608
1790187745.476939000	441204	7228686336
1790187746.058589000	441160	7227965440
1790187746.619074000	437234	7163641856
1790187747.164164000	441037	7225950208
1790187747.715963000	440916	7223967744
1790187748.267468000	438590	7185858560
1790187748.809821000	438316	7181369344
1790187749.329324000	438056	7177109504
1790187749.844668000	438874	7190511616
1790187750.365869000	436701	7154909184
1790187750.883415000	436622	7153614848
1790187751.404950000	437481	7167688704
1790187751.919597000	437411	7166541824
1790187752.438408000	433639	7104741376
1790187752.957691000	433586	7103873024
1790187753.478232000	433210	7097712640
1790187753.998561000	433248	7098335232
1790187754.513970000	433227	7097991168
1790187755.034311000	433232	7098073088
1790187755.552592000	438802	7189331968
1790187756.073091000	443521	7266648064
1790187756.591849000	439755	7204945920
1790187757.105150000	436859	7157497856
1790187757.617535000	436879	7157825536
1790187758.135286000	433573	7103660032
1790187758.649794000	444563	7283720192
1790187759.164902000	449600	7366246400
1790187759.684170000	443561	7267303424
1790187760.194702000	248150	4065689600
1790187760.708036000	240784	3945005056
1790187761.231063000	244578	4007165952
1790187761.750471000	244552	4006739968
1790187762.270944000	240769	3944759296
1790187762.798013000	240518	3940646912
1790187763.323909000	240366	3938156544
1790187763.845764000	240400	3938713600
1790187764.372333000	244828	4011261952
1790187764.901993000	244852	4011655168
1790187765.438158000	248581	4072751104
1790187765.961256000	244250	4001792000
1790187766.481145000	243399	3987849216
1790187766.991091000	243449	3988668416
1790187767.509156000	244567	4006985728
1790187768.027730000	243377	3987488768
1790187768.546742000	239428	3922788352
1790187769.064752000	239457	3923263488
1790187769.583561000	239482	3923673088
1790187770.102487000	592456	9706799104
1790187770.675009000	592573	9708716032
1790187771.244803000	593090	9717186560
1790187771.789551000	598569	9806954496
1790187772.313678000	594811	9745383424
1790187772.823564000	584984	9584377856
1790187773.353415000	588807	9647013888
1790187773.875168000	588887	9648324608
1790187774.394677000	585107	9586393088
1790187774.913410000	584947	9583771648
1790187775.424118000	588434	9640902656
1790187775.936835000	588431	9640853504
1790187776.453451000	588445	9641082880
1790187776.975810000	588460	9641328640
1790187777.492840000	599830	9827614720
1790187778.035977000	599926	9829187584
1790187778.574045000	592952	9714925568
1790187779.109525000	596814	9778200576
1790187779.634322000	592158	9701916672
1790187780.151380000	593392	9722134528
1790187780.687564000	593671	9726705664
1790187781.225901000	592241	9703276544
1790187781.954838000	596263	9769172992
1790187782.511794000	592492	9707388928
1790187783.043787000	596114	9766731776
1790187783.589245000	592546	9708273664
1790187784.472054000	588840	9647554560
1790187785.160410000	593329	9721102336
1790187785.830641000	593433	9722806272
1790187786.538254000	593457	9723199488
1790187787.227826000	597311	9786343424
1790187787.911584000	592625	9709568000
1790187788.585679000	589231	9653960704
1790187789.254455000	589128	9652273152
1790187790.048267000	592753	9711665152
1790187790.667456000	589001	9650192384
1790187791.321042000	593050	9716531200
1790187792.020705000	592903	9714122752
1790187792.766360000	588964	9649586176
1790187793.296997000	588596	9643556864
1790187793.817386000	588450	9641164800
1790187794.477797000	588775	9646489600
1790187795.279859000	588844	9647620096
1790187795.894891000	592500	9707520000
1790187796.628918000	592561	9708519424
1790187797.386841000	592622	9709518848
1790187798.097363000	592516	9707782144
1790187798.736987000	588797	9646850048
1790187799.301154000	601253	9850929152
1790187800.122873000	601497	9854926848
1790187800.851271000	593504	9723969536
1790187801.598117000	597290	9785999360
1790187802.135641000	597115	9783132160
1790187802.670432000	593297	9720578048
1790187803.196751000	596921	9779953664
1790187803.728042000	596942	9780297728
1790187804.349322000	593214	9719218176
1790187804.956147000	593303	9720676352
1790187805.627827000	592448	9706668032
1790187806.332820000	588900	9648537600
1790187807.050330000	589239	9654091776
1790187807.874033000	592853	9713303552
1790187808.567441000	589075	9651404800
1790187809.313578000	589422	9657090048
1790187810.100636000	589501	9658384384
1790187810.806561000	585676	9595715584
1790187811.360493000	589238	9654075392
1790187811.914303000	589198	9653420032
1790187812.495697000	585428	9591652352
1790187813.054250000	588586	9643393024
1790187813.610974000	589178	9653092352
1790187814.281657000	239722	3927605248
1790187814.901452000	236065	3867688960
1790187815.622328000	239538	3924590592
1790187816.144088000	239426	3922755584
1790187816.692294000	235712	3861905408
1790187817.314553000	235718	3862003712
1790187817.938675000	239451	3923165184
1790187818.492356000	239527	3924410368
1790187819.034278000	235734	3862265856
1790187819.565113000	239491	3923820544
1790187820.099781000	239484	3923705856
1790187820.651833000	235728	3862167552
1790187821.190497000	239441	3923001344
1790187821.713527000	239473	3923525632
1790187822.235963000	235325	3855564800
1790187822.762816000	243068	3982426112
1790187823.285556000	242919	3979984896
1790187823.806388000	239729	3927719936
1790187824.328610000	239803	3928932352
1790187824.871485000	239872	3930062848
1790187825.396061000	243733	3993321472
1790187825.921588000	243661	3992141824
1790187826.590181000	240295	3936993280
1790187827.179200000	248381	4069474304
1790187827.712028000	248696	4074635264
1790187828.278145000	298090	4883906560
1790187828.904912000	292684	4795334656
1790187829.438404000	331795	5436129280
1790187830.271640000	315134	5163155456
1790187830.863638000	312673	5122834432
1790187831.745706000	295804	4846452736
1790187832.425100000	318019	5210423296
1790187833.182920000	339269	5558583296
1790187833.957357000	356856	5846728704
1790187834.640580000	492478	8068759552
1790187835.196946000	530519	8692023296
1790187835.883371000	517731	8482504704
1790187836.480152000	392163	6425198592
1790187837.317875000	368371	6035390464
1790187837.950562000	485692	7957577728
1790187838.553157000	368714	6041010176
1790187839.136065000	354409	5806637056
1790187839.848730000	353097	5785141248
1790187840.541831000	345585	5662064640
1790187841.117767000	350856	5748424704
1790187841.642401000	353276	5788073984
1790187842.165355000	364155	5966315520
1790187842.686524000	356719	5844484096
1790187843.203428000	360473	5905989632
1790187843.720781000	385197	6311067648
1790187844.240715000	380845	6239764480
1790187844.767349000	381775	6255001600
1790187845.291048000	357628	5859377152
1790187845.812109000	353662	5794398208
1790187846.333022000	347371	5691326464
1790187846.854247000	351211	5754241024
1790187847.368821000	344158	5638684672
1790187847.888824000	344143	5638438912
1790187848.409685000	367909	6027821056
1790187848.932495000	362843	5944819712
1790187849.455702000	367677	6024019968
1790187849.977809000	361275	5919129600
1790187850.499197000	361364	5920587776
1790187851.022827000	364200	5967052800
1790187851.545854000	371924	6093602816
1790187852.067003000	394698	6466732032
1790187852.586272000	387964	6356402176
1790187853.097029000	383929	6290292736
1790187853.610296000	387797	6353666048
1790187854.126945000	266537	4366942208
1790187854.643487000	262817	4305993728
1790187855.160194000	266671	4369137664
1790187855.677687000	259470	4251156480
1790187856.205967000	258500	4235264000
1790187856.737226000	255342	4183523328
1790187857.259861000	255865	4192092160
1790187857.786135000	252246	4132798464
1790187858.315187000	249120	4081582080
1790187858.842799000	249247	4083662848
1790187859.373630000	253201	4148445184
1790187859.895287000	256971	4210212864
1790187860.417071000	253107	4146905088
1790187860.945925000	253210	4148592640
1790187861.459257000	259502	4251680768
1790187861.968751000	264877	4339744768
1790187862.481938000	267891	4389126144
1790187862.994183000	389245	6377390080
1790187863.513389000	558286	9146957824
1790187864.040414000	558528	9150922752
1790187864.558063000	548465	8986050560
1790187865.083808000	552306	9048981504
1790187865.619830000	544512	8921284608
1790187866.158301000	540799	8860450816
1790187866.706869000	539517	8839446528
1790187867.238095000	550722	9023029248
1790187867.752676000	356750	5844992000
1790187868.272254000	348134	5703827456
1790187868.785346000	339699	5565628416
1790187869.303420000	346203	5672189952
1790187869.824496000	349157	5720588288
1790187870.340588000	342810	5616599040
1790187870.858706000	340795	5583585280
1790187871.377332000	344675	5647155200
1790187871.894567000	341124	5588975616
1790187872.405789000	341249	5591023616
1790187872.927748000	702359	11507449856
1790187873.461811000	698350	11441766400
1790187874.052987000	695008	11387011072
1790187874.715666000	695503	11395121152
1790187875.249386000	693646	11364696064
1790187875.764090000	693595	11363860480
1790187876.305525000	586649	9611657216
1790187876.827162000	586548	9610002432
1790187877.347133000	590337	9672081408
1790187877.857480000	590392	9672982528
1790187878.373729000	586498	9609183232
1790187878.892519000	590949	9682108416
1790187879.426326000	594887	9746628608
1790187879.959965000	597419	9788112896
1790187880.608372000	592431	9706389504
1790187881.133685000	591525	9691545600
1790187881.661438000	591481	9690824704
1790187882.175917000	591472	9690677248
1790187882.686252000	587439	9624600576
1790187883.205976000	237682	3894181888
1790187883.718873000	237558	3892150272
1790187884.236171000	242016	3965190144
1790187884.768060000	246276	4034985984
1790187885.297504000	250083	4097359872
1790187885.828048000	244684	4008902656
1790187886.353893000	240861	3946266624
1790187886.870586000	240855	3946168320
1790187887.395398000	244557	4006821888
1790187887.913766000	244554	4006772736
1790187888.430396000	240819	3945578496
1790187888.984857000	240890	3946741760
1790187889.513633000	244789	4010622976
1790187890.038918000	244801	4010819584
1790187890.557797000	236336	3872129024
1790187891.073028000	236256	3870818304
1790187891.583120000	236239	3870539776
1790187892.094642000	236249	3870703616
1790187892.613355000	236249	3870703616
1790187893.128773000	240023	3932536832
1790187893.647730000	239997	3932110848
1790187894.172213000	244478	4005527552
1790187894.696931000	240697	3943579648
1790187895.221066000	244510	4006051840
1790187895.746174000	244353	4003479552
1790187896.279547000	244353	4003479552
1790187896.805301000	240541	3941023744
1790187897.330708000	244326	4003037184
1790187897.863426000	243152	3983802368
1790187898.384539000	239504	3924033536
1790187898.916481000	239641	3926278144
1790187899.447763000	243450	3988684800
1790187899.973373000	246667	4041392128
1790187900.507198000	247868	4061069312
1790187901.040987000	244596	4007460864
1790187901.569353000	239622	3925966848
1790187902.101115000	243385	3987619840
1790187902.628129000	243388	3987668992
1790187903.156366000	243407	3987980288
1790187903.688686000	243415	3988111360
1790187904.209793000	239588	3925409792
1790187904.743235000	140285	2298429440
1790187905.261619000	144230	2363064320
1790187905.781444000	144315	2364456960
1790187906.304865000	140543	2302656512
1790187906.829322000	135871	2226110464
1790187907.345877000	139653	2288074752
1790187907.856469000	139688	2288648192
1790187908.369004000	137072	2245787648
1790187908.879944000	137045	2245345280
1790187909.391145000	139719	2289156096
1790187909.910288000	139759	2289811456
1790187910.429299000	137051	2245443584
1790187910.944453000	137060	2245591040
1790187911.463632000	136785	2241085440
1790187911.988748000	136418	2235072512
1790187912.520829000	136418	2235072512
1790187913.062097000	138910	2275901440
1790187913.594754000	138947	2276507648
1790187914.116294000	138918	2276032512
1790187914.642247000	136282	2232844288
1790187915.163879000	138948	2276524032
1790187915.686990000	138916	2275999744
1790187916.215425000	138907	2275852288
1790187916.741620000	135958	2227535872
1790187917.262620000	139068	2278490112
1790187917.781334000	139124	2279407616
1790187918.299117000	136515	2236661760
1790187918.817047000	136849	2242134016
1790187919.340662000	139232	2281177088
1790187919.901893000	139517	2285846528
1790187920.449374000	136867	2242428928
1790187920.974763000	136754	2240577536
1790187921.501298000	241786	3961421824
1790187922.067253000	241811	3961831424
1790187922.715296000	235077	3851501568
1790187923.496766000	238940	3914792960
1790187924.283807000	238851	3913334784
1790187925.069070000	235157	3852812288
1790187925.894916000	238897	3914088448
1790187926.570415000	235156	3852795904
1790187927.084209000	234814	3847192576
1790187927.603096000	234734	3845881856
1790187928.121886000	234643	3844390912
1790187928.632262000	234658	3844636672
1790187929.152238000	238582	3908927488
1790187929.670797000	238601	3909238784
1790187930.189339000	234922	3848962048
1790187930.704740000	234889	3848421376
1790187931.232096000	244344	4003332096
1790187931.761205000	244372	4003790848
1790187932.287517000	235181	3853205504
1790187932.814471000	235200	3853516800
1790187933.332709000	234928	3849060352
1790187933.842018000	234906	3848699904
1790187934.414345000	235173	3853074432
1790187934.934524000	235206	3853615104
1790187935.457096000	238978	3915415552
1790187935.991331000	239037	3916382208
1790187936.539917000	238494	3907485696
1790187937.083661000	242260	3969187840
1790187937.613384000	239057	3916709888
1790187938.139032000	239068	3916890112
1790187938.671800000	235295	3855073280
1790187939.198899000	239077	3917037568
1790187939.728476000	239084	3917152256
1790187940.242684000	235092	3851747328
1790187940.761471000	235101	3851894784
1790187941.280042000	235091	3851730944
1790187941.798418000	235163	3852910592
1790187942.312775000	235148	3852664832
1790187942.839775000	235144	3852599296
1790187943.360437000	238796	3912433664
1790187943.879238000	238799	3912482816
1790187944.402891000	234969	3849732096
1790187944.920439000	235001	3850256384
1790187945.441393000	238783	3912220672
1790187945.963126000	238774	3912073216
1790187946.485988000	235000	3850240000
1790187947.006311000	235067	3851337728
1790187947.532583000	239095	3917332480
1790187948.061553000	239101	3917430784
1790187948.576104000	242751	3977232384
1790187949.099126000	242709	3976544256
1790187949.632574000	242689	3976216576
1790187950.157120000	239812	3929079808
1790187950.683471000	239710	3927408640
1790187951.202830000	243527	3989946368
1790187951.738212000	243504	3989569536
1790187952.265183000	239724	3927638016
1790187952.793020000	239724	3927638016
1790187953.327712000	243696	3992715264
1790187953.858134000	243694	3992682496
1790187954.391915000	239722	3927605248
1790187954.926827000	239724	3927638016
1790187955.455785000	239730	3927736320
1790187955.985408000	239730	3927736320
1790187956.513251000	239668	3926720512
1790187957.041867000	243480	3989176320
1790187957.566742000	243471	3989028864
1790187958.089671000	243132	3983474688
1790187958.618101000	239318	3920986112
1790187959.144081000	243336	3986817024
1790187959.677210000	243319	3986538496
1790187960.203456000	248312	4068343808
1790187960.727895000	244327	4003053568
1790187961.258368000	243722	3993141248
1790187961.784770000	239218	3919347712
1790187962.308482000	242963	3980705792
1790187962.821465000	243117	3983228928
1790187963.340302000	243191	3984441344
1790187963.865897000	243272	3985768448
1790187964.421733000	239539	3924606976
1790187964.937462000	239495	3923886080
1790187965.445800000	238826	3912925184
1790187965.964303000	238957	3915071488
1790187966.482703000	235101	3851894784
1790187966.996159000	235153	3852746752
1790187967.511455000	235154	3852763136
1790187968.030081000	235184	3853254656
1790187968.549151000	235147	3852648448
1790187969.062073000	238972	3915317248
1790187969.580757000	246685	4041687040
1790187970.115739000	243023	3981688832
1790187970.685489000	239846	3929636864
1790187971.209452000	243849	3995222016
1790187971.723086000	243979	3997351936
1790187972.237699000	235398	3856760832
1790187972.756233000	235432	3857317888
1790187973.269147000	235589	3859890176
1790187973.787653000	235640	3860725760
1790187974.306879000	235603	3860119552
1790187974.825780000	235303	3855204352
1790187975.358207000	239119	3917725696
1790187975.883020000	239125	3917824000
1790187976.414855000	235310	3855319040
1790187976.936237000	235340	3855810560
1790187977.454833000	246958	4046159872
1790187977.987161000	246958	4046159872
1790187978.513386000	240105	3933880320
1790187979.033022000	240105	3933880320
1790187979.551678000	240105	3933880320
1790187980.085003000	240104	3933863936
1790187980.610856000	240104	3933863936
1790187981.142008000	243886	3995828224
1790187981.667957000	243889	3995877376
1790187982.198311000	240105	3933880320
1790187982.736757000	240105	3933880320
1790187983.268123000	244087	3999121408
1790187983.789744000	244088	3999137792
1790187984.322238000	240088	3933601792
1790187984.848134000	240088	3933601792
1790187985.376888000	240088	3933601792
1790187985.900073000	240108	3933929472
1790187986.429360000	240089	3933618176
1790187986.967975000	240089	3933618176
1790187987.500867000	243853	3995287552
1790187988.025634000	242849	3978838016
1790187988.563752000	239080	3917086720
1790187989.095684000	243046	3982065664
1790187989.631711000	243101	3982966784
1790187990.164549000	243194	3984490496
1790187990.687465000	239338	3921313792
1790187991.215533000	239346	3921444864
1790187991.730232000	239499	3923951616
1790187992.248234000	239639	3926245376
1790187992.771679000	239751	3928080384
1790187993.297887000	243646	3991896064
1790187993.830799000	243737	3993387008
1790187994.487797000	235528	3858890752
1790187995.052377000	235475	3858022400
1790187995.573675000	235884	3864723456
1790187996.107434000	235839	3863986176
1790187996.633116000	235664	3861118976
1790187997.456864000	239690	3927080960
1790187998.043154000	239862	3929899008
1790187998.667361000	236114	3868491776
1790187999.274189000	240048	3932946432
1790188000.059265000	239927	3930963968
1790188000.706236000	236067	3867721728
1790188001.272964000	239797	3928834048
1790188001.801888000	239816	3929145344
1790188002.438041000	243781	3994107904
1790188002.972884000	243666	3992223744
1790188003.607897000	244274	4002185216
1790188004.182391000	244050	3998515200
1790188004.814135000	237599	3892822016
1790188005.344186000	241704	3960078336
1790188005.867674000	241832	3962175488
1790188006.390425000	236752	3878944768
1790188006.907461000	236777	3879354368
1790188007.426802000	240604	3942055936
1790188007.943097000	240589	3941810176
1790188008.506067000	236903	3881418752
1790188009.067031000	240696	3943563264
1790188009.596070000	245231	4017864704
1790188010.207941000	241498	3956703232
1790188010.950661000	241423	3955474432
1790188011.637268000	239278	3920330752
1790188012.157598000	239252	3919904768
1790188012.688129000	235750	3862528000
1790188013.235568000	239509	3924115456
1790188013.772321000	239540	3924623360
1790188014.313361000	235758	3862659072
1790188014.843539000	235750	3862528000
1790188015.382419000	239571	3925131264
1790188015.921526000	239571	3925131264
1790188016.448882000	235758	3862659072
1790188016.978268000	235719	3862020096
1790188017.507123000	243993	3997581312
1790188018.033597000	243969	3997188096
1790188018.548264000	239945	3931258880
1790188019.065521000	239980	3931832320
1790188019.583900000	240006	3932258304
1790188020.120106000	244963	4013473792
1790188020.643104000	244940	4013096960
1790188021.169098000	243769	3993911296
1790188021.695542000	243814	3994648576
1790188022.228980000	243753	3993649152
1790188022.741311000	243771	3993944064
1790188023.268370000	243897	3996008448
1790188023.793279000	243951	3996893184
1790188024.316636000	240068	3933274112
1790188024.828429000	235444	3857514496
1790188025.341537000	239380	3922001920
1790188025.856780000	239418	3922624512
1790188026.366925000	235554	3859316736
1790188026.885973000	235593	3859955712
1790188027.405176000	239373	3921887232
1790188027.924708000	239337	3921297408
1790188028.457107000	235238	3854139392
1790188028.991184000	235238	3854139392
1790188029.514178000	235231	3854024704
1790188030.044218000	235261	3854516224
1790188030.556936000	238321	3904651264
1790188031.091318000	251630	4122705920
1790188031.618498000	265048	4342546432
